0000001 1
0000002 1
0000003 1
0000004 1
0000005 1
0000006 1
0000007 1
0000008 1
0000009 1
00000010 1
00000011 1
00000012 1
00000013 1
00000014 1
00000015 1
00000016 1
00000017 1
00000018 1
00000019 1
00000020 1
00000021 1
00000022 1
00000023 1
00000024 1
00000025 1
00000026 1
00000027 1
00000028 1
00000029 1
00000030 1
00000031 1
00000032 1
00000033 1
00000034 1
00000035 1
00000036 1
00000037 1
00000038 1
00000039 1
00000040 1
00000041 1
00000042 1
00000043 1
00000044 1
00000045 1
00000046 1
00000047 1
00000048 1
00000049 1
00000050 1
00000051 1
00000052 1
00000053 1
00000054 1
00000055 1
00000056 1
00000057 1
00000058 1
00000059 1
00000060 1
00000061 1
00000062 1
00000063 1
00000064 1
00000065 1
00000066 1
00000067 1
00000068 1
00000069 1
00000070 1
00000071 1
00000072 1
00000073 1
00000074 1
00000075 1
00000076 1
00000077 1
00000078 1
00000079 1
00000080 1
00000081 1
00000082 1
00000083 1
00000084 1
00000085 1
00000086 1
00000087 1
00000088 1
00000089 1
00000090 1
00000091 1
00000092 1
00000093 1
00000094 1
00000095 1
00000096 1
00000097 1
00000098 1
00000099 1
000000100 1
000000101 1
000000102 1
000000103 1
000000104 1
000000105 1
000000106 1
000000107 1
000000108 1
000000109 1
000000110 1
000000111 1
000000112 1
000000113 1
000000114 1
000000115 1
000000116 1
000000117 1
000000118 1
000000119 1
000000120 1
000000121 1
000000122 1
000000123 1
000000124 1
000000125 1
000000126 1
000000127 1
000000128 1
000000129 1
000000130 1
000000131 1
000000132 1
000000133 1
000000134 1
000000135 1
000000136 1
000000137 1
000000138 1
000000139 1
000000140 1
000000141 1
000000142 1
000000143 1
000000144 1
000000145 1
000000146 1
000000147 1
000000148 1
000000149 1
000000150 1
000000151 1
000000152 1
000000153 1
000000154 1
000000155 1
000000156 1
000000157 1
000000158 1
000000159 1
000000160 1
000000161 1
000000162 1
000000163 1
000000164 1
000000165 1
000000166 1
000000167 1
000000168 1
000000169 1
000000170 1
000000171 1
000000172 1
000000173 1
000000174 1
000000175 1
000000176 1
000000177 1
000000178 1
000000179 1
000000180 1
000000181 1
000000182 1
000000183 1
000000184 1
000000185 1
000000186 1
000000187 1
000000188 1
000000189 1
000000190 1
000000191 1
000000192 1
000000193 1
000000194 1
000000195 1
000000196 1
000000197 1
000000198 1
000000199 1
000000200 1
000000201 1
000000202 1
000000203 1
000000204 1
000000205 1
000000206 1
000000207 1
000000208 1
000000209 1
000000210 1
000000211 1
000000212 1
000000213 1
000000214 1
000000215 1
000000216 1
000000217 1
000000218 1
000000219 1
000000220 1
000000221 1
000000222 1
000000223 1
000000224 1
000000225 1
000000226 1
000000227 1
000000228 1
000000229 1
000000230 1
000000231 1
000000232 1
000000233 1
000000234 1
000000235 1
000000236 1
000000237 1
000000238 1
000000239 1
000000240 1
000000241 1
000000242 1
000000243 1
000000244 1
000000245 1
000000246 1
000000247 1
000000248 1
000000249 1
000000250 1
000000251 1
000000252 1
000000253 1
000000254 1
000000255 1
000000256 1
000000257 1
000000258 1
000000259 1
000000260 1
000000261 1
000000262 1
000000263 1
000000264 1
000000265 1
000000266 1
000000267 1
000000268 1
000000269 1
000000270 1
000000271 1
000000272 1
000000273 1
000000274 1
000000275 1
000000276 1
000000277 1
000000278 1
000000279 1
000000280 1
000000281 1
000000282 1
000000283 1
000000284 1
000000285 1
000000286 1
000000287 1
000000288 1
000000289 1
000000290 1
000000291 1
000000292 1
000000293 1
000000294 1
000000295 1
000000296 1
000000297 1
000000298 1
000000299 1
000000300 1
000000301 1
000000302 1
000000303 1
000000304 1
000000305 1
000000306 1
000000307 1
000000308 1
000000309 1
000000310 1
000000311 1
000000312 1
000000313 1
000000314 1
000000315 1
000000316 1
000000317 1
000000318 1
000000319 1
000000320 1
000000321 1
000000322 1
000000323 1
000000324 1
000000325 1
000000326 1
000000327 1
000000328 1
000000329 1
000000330 1
000000331 1
000000332 1
000000333 1
000000334 1
000000335 1
000000336 1
000000337 1
000000338 1
000000339 1
000000340 1
000000341 1
000000342 1
000000343 1
000000344 1
000000345 1
000000346 1
000000347 1
000000348 1
000000349 1
000000350 1
000000351 1
000000352 1
000000353 1
000000354 1
000000355 1
000000356 1
000000357 1
000000358 1
000000359 1
000000360 1
000000361 1
000000362 1
000000363 1
000000364 1
000000365 1
000000366 1
000000367 1
000000368 1
000000369 1
000000370 1
000000371 1
000000372 1
000000373 1
000000374 1
000000375 1
000000376 1
000000377 1
000000378 1
000000379 1
000000380 1
000000381 1
000000382 1
000000383 1
000000384 1
000000385 1
000000386 1
000000387 1
000000388 1
000000389 1
000000390 1
000000391 1
000000392 1
000000393 1
000000394 1
000000395 1
000000396 1
000000397 1
000000398 1
000000399 1
000000400 1
000000401 1
000000402 1
000000403 1
000000404 1
000000405 1
000000406 1
000000407 1
000000408 1
000000409 1
000000410 1
000000411 1
000000412 1
000000413 1
000000414 1
000000415 1
000000416 1
000000417 1
000000418 1
000000419 1
000000420 1
000000421 1
000000422 1
000000423 1
000000424 1
000000425 1
000000426 1
000000427 1
000000428 1
000000429 1
000000430 1
000000431 1
000000432 1
000000433 1
000000434 1
000000435 1
000000436 1
000000437 1
000000438 1
000000439 1
000000440 1
000000441 1
000000442 1
000000443 1
000000444 1
000000445 1
000000446 1
000000447 1
000000448 1
000000449 1
000000450 1
000000451 1
000000452 1
000000453 1
000000454 1
000000455 1
000000456 1
000000457 1
000000458 1
000000459 1
000000460 1
000000461 1
000000462 1
000000463 1
000000464 1
000000465 1
000000466 1
000000467 1
000000468 1
000000469 1
000000470 1
000000471 1
000000472 1
000000473 1
000000474 1
000000475 1
000000476 1
000000477 1
000000478 1
000000479 1
000000480 1
000000481 1
000000482 1
000000483 1
000000484 1
000000485 1
000000486 1
000000487 1
000000488 1
000000489 1
000000490 1
000000491 1
000000492 1
000000493 1
000000494 1
000000495 1
000000496 1
000000497 1
000000498 1
000000499 1
000000500 1
000000501 1
000000502 1
000000503 1
000000504 1
000000505 1
000000506 1
000000507 1
000000508 1
000000509 1
000000510 1
000000511 1
000000512 1
000000513 1
000000514 1
000000515 1
000000516 1
000000517 1
000000518 1
000000519 1
000000520 1
000000521 1
000000522 1
000000523 1
000000524 1
000000525 1
000000526 1
000000527 1
000000528 1
000000529 1
000000530 1
000000531 1
000000532 1
000000533 1
000000534 1
000000535 1
000000536 1
000000537 1
000000538 1
000000539 1
000000540 1
000000541 1
000000542 1
000000543 1
000000544 1
000000545 1
000000546 1
000000547 1
000000548 1
000000549 1
000000550 1
000000551 1
000000552 1
000000553 1
000000554 1
000000555 1
000000556 1
000000557 1
000000558 1
000000559 1
000000560 1
000000561 1
000000562 1
000000563 1
000000564 1
000000565 1
000000566 1
000000567 1
000000568 1
000000569 1
000000570 1
000000571 1
000000572 1
000000573 1
000000574 1
000000575 1
000000576 1
000000577 1
000000578 1
000000579 1
000000580 1
000000581 1
000000582 1
000000583 1
000000584 1
000000585 1
000000586 1
000000587 1
000000588 1
000000589 1
000000590 1
000000591 1
000000592 1
000000593 1
000000594 1
000000595 1
000000596 1
000000597 1
000000598 1
000000599 1
000000600 1
000000601 1
000000602 1
000000603 1
000000604 1
000000605 1
000000606 1
000000607 1
000000608 1
000000609 1
000000610 1
000000611 1
000000612 1
000000613 1
000000614 1
000000615 1
000000616 1
000000617 1
000000618 1
000000619 1
000000620 1
000000621 1
000000622 1
000000623 1
000000624 1
000000625 1
000000626 1
000000627 1
000000628 1
000000629 1
000000630 1
000000631 1
000000632 1
000000633 1
000000634 1
000000635 1
000000636 1
000000637 1
000000638 1
000000639 1
000000640 1
000000641 1
000000642 1
000000643 1
000000644 1
000000645 1
000000646 1
000000647 1
000000648 1
000000649 1
000000650 1
000000651 1
000000652 1
000000653 1
000000654 1
000000655 1
000000656 1
000000657 1
000000658 1
000000659 1
000000660 1
000000661 1
000000662 1
000000663 1
000000664 1
000000665 1
000000666 1
000000667 1
000000668 1
000000669 1
000000670 1
000000671 1
000000672 1
000000673 1
000000674 1
000000675 1
000000676 1
000000677 1
000000678 1
000000679 1
000000680 1
000000681 1
000000682 1
000000683 1
000000684 1
000000685 1
000000686 1
000000687 1
000000688 1
000000689 1
000000690 1
000000691 1
000000692 1
000000693 1
000000694 1
000000695 1
000000696 1
000000697 1
000000698 1
000000699 1
000000700 1
000000701 1
000000702 1
000000703 1
000000704 1
000000705 1
000000706 1
000000707 1
000000708 1
000000709 1
000000710 1
000000711 1
000000712 1
000000713 1
000000714 1
000000715 1
000000716 1
000000717 1
000000718 1
000000719 1
000000720 1
000000721 1
000000722 1
000000723 1
000000724 1
000000725 1
000000726 1
000000727 1
000000728 1
000000729 1
000000730 1
000000731 1
000000732 1
000000733 1
000000734 1
000000735 1
000000736 1
000000737 1
000000738 1
000000739 1
000000740 1
000000741 1
000000742 1
000000743 1
000000744 1
000000745 1
000000746 1
000000747 1
000000748 1
000000749 1
000000750 1
000000751 1
000000752 1
000000753 1
000000754 1
000000755 1
000000756 1
000000757 1
000000758 1
000000759 1
000000760 1
000000761 1
000000762 1
000000763 1
000000764 1
000000765 1
000000766 1
000000767 1
000000768 1
000000769 1
000000770 1
000000771 1
000000772 1
000000773 1
000000774 1
000000775 1
000000776 1
000000777 1
000000778 1
000000779 1
000000780 1
000000781 1
000000782 1
000000783 1
000000784 1
000000785 1
000000786 1
000000787 1
000000788 1
000000789 1
000000790 1
000000791 1
000000792 1
000000793 1
000000794 1
000000795 1
000000796 1
000000797 1
000000798 1
000000799 1
000000800 1
000000801 1
000000802 1
000000803 1
000000804 1
000000805 1
000000806 1
000000807 1
000000808 1
000000809 1
000000810 1
000000811 1
000000812 1
000000813 1
000000814 1
000000815 1
000000816 1
000000817 1
000000818 1
000000819 1
000000820 1
000000821 1
000000822 1
000000823 1
000000824 1
000000825 1
000000826 1
000000827 1
000000828 1
000000829 1
000000830 1
000000831 1
000000832 1
000000833 1
000000834 1
000000835 1
000000836 1
000000837 1
000000838 1
000000839 1
000000840 1
000000841 1
000000842 1
000000843 1
000000844 1
000000845 1
000000846 1
000000847 1
000000848 1
000000849 1
000000850 1
000000851 1
000000852 1
000000853 1
000000854 1
000000855 1
000000856 1
000000857 1
000000858 1
000000859 1
000000860 1
000000861 1
000000862 1
000000863 1
000000864 1
000000865 1
000000866 1
000000867 1
000000868 1
000000869 1
000000870 1
000000871 1
000000872 1
000000873 1
000000874 1
000000875 1
000000876 1
000000877 1
000000878 1
000000879 1
000000880 1
000000881 1
000000882 1
000000883 1
000000884 1
000000885 1
000000886 1
000000887 1
000000888 1
000000889 1
000000890 1
000000891 1
000000892 1
000000893 1
000000894 1
000000895 1
000000896 1
000000897 1
000000898 1
000000899 1
000000900 1
000000901 1
000000902 1
000000903 1
000000904 1
000000905 1
000000906 1
000000907 1
000000908 1
000000909 1
000000910 1
000000911 1
000000912 1
000000913 1
000000914 1
000000915 1
000000916 1
000000917 1
000000918 1
000000919 1
000000920 1
000000921 1
000000922 1
000000923 1
000000924 1
000000925 1
000000926 1
000000927 1
000000928 1
000000929 1
000000930 1
000000931 1
000000932 1
000000933 1
000000934 1
000000935 1
000000936 1
000000937 1
000000938 1
000000939 1
000000940 1
000000941 1
000000942 1
000000943 1
000000944 1
000000945 1
000000946 1
000000947 1
000000948 1
000000949 1
000000950 1
000000951 1
000000952 1
000000953 1
000000954 1
000000955 1
000000956 1
000000957 1
000000958 1
000000959 1
000000960 1
000000961 1
000000962 1
000000963 1
000000964 1
000000965 1
000000966 1
000000967 1
000000968 1
000000969 1
000000970 1
000000971 1
000000972 1
000000973 1
000000974 1
000000975 1
000000976 1
000000977 1
000000978 1
000000979 1
000000980 1
000000981 1
000000982 1
000000983 1
000000984 1
000000985 1
000000986 1
000000987 1
000000988 1
000000989 1
000000990 1
000000991 1
000000992 1
000000993 1
000000994 1
000000995 1
000000996 1
000000997 1
000000998 1
000000999 1
0000001000 1
0000001001 1
0000001002 1
0000001003 1
0000001004 1
0000001005 1
0000001006 1
0000001007 1
0000001008 1
0000001009 1
0000001010 1
0000001011 1
0000001012 1
0000001013 1
0000001014 1
0000001015 1
0000001016 1
0000001017 1
0000001018 1
0000001019 1
0000001020 1
0000001021 1
0000001022 1
0000001023 1
0000001024 1
0000001025 1
0000001026 1
0000001027 1
0000001028 1
0000001029 1
0000001030 1
0000001031 1
0000001032 1
0000001033 1
0000001034 1
0000001035 1
0000001036 1
0000001037 1
0000001038 1
0000001039 1
0000001040 1
0000001041 1
0000001042 1
0000001043 1
0000001044 1
0000001045 1
0000001046 1
0000001047 1
0000001048 1
0000001049 1
0000001050 1
0000001051 1
0000001052 1
0000001053 1
0000001054 1
0000001055 1
0000001056 1
0000001057 1
0000001058 1
0000001059 1
0000001060 1
0000001061 1
0000001062 1
0000001063 1
0000001064 1
0000001065 1
0000001066 1
0000001067 1
0000001068 1
0000001069 1
0000001070 1
0000001071 1
0000001072 1
0000001073 1
0000001074 1
0000001075 1
0000001076 1
0000001077 1
0000001078 1
0000001079 1
0000001080 1
0000001081 1
0000001082 1
0000001083 1
0000001084 1
0000001085 1
0000001086 1
0000001087 1
0000001088 1
0000001089 1
0000001090 1
0000001091 1
0000001092 1
0000001093 1
0000001094 1
0000001095 1
0000001096 1
0000001097 1
0000001098 1
0000001099 1
0000001100 1
0000001101 1
0000001102 1
0000001103 1
0000001104 1
0000001105 1
0000001106 1
0000001107 1
0000001108 1
0000001109 1
0000001110 1
0000001111 1
0000001112 1
0000001113 1
0000001114 1
0000001115 1
0000001116 1
0000001117 1
0000001118 1
0000001119 1
0000001120 1
0000001121 1
0000001122 1
0000001123 1
0000001124 1
0000001125 1
0000001126 1
0000001127 1
0000001128 1
0000001129 1
0000001130 1
0000001131 1
0000001132 1
0000001133 1
0000001134 1
0000001135 1
0000001136 1
0000001137 1
0000001138 1
0000001139 1
0000001140 1
0000001141 1
0000001142 1
0000001143 1
0000001144 1
0000001145 1
0000001146 1
0000001147 1
0000001148 1
0000001149 1
0000001150 1
0000001151 1
0000001152 1
0000001153 1
0000001154 1
0000001155 1
0000001156 1
0000001157 1
0000001158 1
0000001159 1
0000001160 1
0000001161 1
0000001162 1
0000001163 1
0000001164 1
0000001165 1
0000001166 1
0000001167 1
0000001168 1
0000001169 1
0000001170 1
0000001171 1
0000001172 1
0000001173 1
0000001174 1
0000001175 1
0000001176 1
0000001177 1
0000001178 1
0000001179 1
0000001180 1
0000001181 1
0000001182 1
0000001183 1
0000001184 1
0000001185 1
0000001186 1
0000001187 1
0000001188 1
0000001189 1
0000001190 1
0000001191 1
0000001192 1
0000001193 1
0000001194 1
0000001195 1
0000001196 1
0000001197 1
0000001198 1
0000001199 1
0000001200 1
0000001201 1
0000001202 1
0000001203 1
0000001204 1
0000001205 1
0000001206 1
0000001207 1
0000001208 1
0000001209 1
0000001210 1
0000001211 1
0000001212 1
0000001213 1
0000001214 1
0000001215 1
0000001216 1
0000001217 1
0000001218 1
0000001219 1
0000001220 1
0000001221 1
0000001222 1
0000001223 1
0000001224 1
0000001225 1
0000001226 1
0000001227 1
0000001228 1
0000001229 1
0000001230 1
0000001231 1
0000001232 1
0000001233 1
0000001234 1
0000001235 1
0000001236 1
0000001237 1
0000001238 1
0000001239 1
0000001240 1
0000001241 1
0000001242 1
0000001243 1
0000001244 1
0000001245 1
0000001246 1
0000001247 1
0000001248 1
0000001249 1
0000001250 1
0000001251 1
0000001252 1
0000001253 1
0000001254 1
0000001255 1
0000001256 1
0000001257 1
0000001258 1
0000001259 1
0000001260 1
0000001261 1
0000001262 1
0000001263 1
0000001264 1
0000001265 1
0000001266 1
0000001267 1
0000001268 1
0000001269 1
0000001270 1
0000001271 1
0000001272 1
0000001273 1
0000001274 1
0000001275 1
0000001276 1
0000001277 1
0000001278 1
0000001279 1
0000001280 1
0000001281 1
0000001282 1
0000001283 1
0000001284 1
0000001285 1
0000001286 1
0000001287 1
0000001288 1
0000001289 1
0000001290 1
0000001291 1
0000001292 1
0000001293 1
0000001294 1
0000001295 1
0000001296 1
0000001297 1
0000001298 1
0000001299 1
0000001300 1
0000001301 1
0000001302 1
0000001303 1
0000001304 1
0000001305 1
0000001306 1
0000001307 1
0000001308 1
0000001309 1
0000001310 1
0000001311 1
0000001312 1
0000001313 1
0000001314 1
0000001315 1
0000001316 1
0000001317 1
0000001318 1
0000001319 1
0000001320 1
0000001321 1
0000001322 1
0000001323 1
0000001324 1
0000001325 1
0000001326 1
0000001327 1
0000001328 1
0000001329 1
0000001330 1
0000001331 1
0000001332 1
0000001333 1
0000001334 1
0000001335 1
0000001336 1
0000001337 1
0000001338 1
0000001339 1
0000001340 1
0000001341 1
0000001342 1
0000001343 1
0000001344 1
0000001345 1
0000001346 1
0000001347 1
0000001348 1
0000001349 1
0000001350 1
0000001351 1
0000001352 1
0000001353 1
0000001354 1
0000001355 1
0000001356 1
0000001357 1
0000001358 1
0000001359 1
0000001360 1
0000001361 1
0000001362 1
0000001363 1
0000001364 1
0000001365 1
0000001366 1
0000001367 1
0000001368 1
0000001369 1
0000001370 1
0000001371 1
0000001372 1
0000001373 1
0000001374 1
0000001375 1
0000001376 1
0000001377 1
0000001378 1
0000001379 1
0000001380 1
0000001381 1
0000001382 1
0000001383 1
0000001384 1
0000001385 1
0000001386 1
0000001387 1
0000001388 1
0000001389 1
0000001390 1
0000001391 1
0000001392 1
0000001393 1
0000001394 1
0000001395 1
0000001396 1
0000001397 1
0000001398 1
0000001399 1
0000001400 1
0000001401 1
0000001402 1
0000001403 1
0000001404 1
0000001405 1
0000001406 1
0000001407 1
0000001408 1
0000001409 1
0000001410 1
0000001411 1
0000001412 1
0000001413 1
0000001414 1
0000001415 1
0000001416 1
0000001417 1
0000001418 1
0000001419 1
0000001420 1
0000001421 1
0000001422 1
0000001423 1
0000001424 1
0000001425 1
0000001426 1
0000001427 1
0000001428 1
0000001429 1
0000001430 1
0000001431 1
0000001432 1
0000001433 1
0000001434 1
0000001435 1
0000001436 1
0000001437 1
0000001438 1
0000001439 1
0000001440 1
0000001441 1
0000001442 1
0000001443 1
0000001444 1
0000001445 1
0000001446 1
0000001447 1
0000001448 1
0000001449 1
0000001450 1
0000001451 1
0000001452 1
0000001453 1
0000001454 1
0000001455 1
0000001456 1
0000001457 1
0000001458 1
0000001459 1
0000001460 1
0000001461 1
0000001462 1
0000001463 1
0000001464 1
0000001465 1
0000001466 1
0000001467 1
0000001468 1
0000001469 1
0000001470 1
0000001471 1
0000001472 1
0000001473 1
0000001474 1
0000001475 1
0000001476 1
0000001477 1
0000001478 1
0000001479 1
0000001480 1
0000001481 1
0000001482 1
0000001483 1
0000001484 1
0000001485 1
0000001486 1
0000001487 1
0000001488 1
0000001489 1
0000001490 1
0000001491 1
0000001492 1
0000001493 1
0000001494 1
0000001495 1
0000001496 1
0000001497 1
0000001498 1
0000001499 1
0000001500 1
0000001501 1
0000001502 1
0000001503 1
0000001504 1
0000001505 1
0000001506 1
0000001507 1
0000001508 1
0000001509 1
0000001510 1
0000001511 1
0000001512 1
0000001513 1
0000001514 1
0000001515 1
0000001516 1
0000001517 1
0000001518 1
0000001519 1
0000001520 1
0000001521 1
0000001522 1
0000001523 1
0000001524 1
0000001525 1
0000001526 1
0000001527 1
0000001528 1
0000001529 1
0000001530 1
0000001531 1
0000001532 1
0000001533 1
0000001534 1
0000001535 1
0000001536 1
0000001537 1
0000001538 1
0000001539 1
0000001540 1
0000001541 1
0000001542 1
0000001543 1
0000001544 1
0000001545 1
0000001546 1
0000001547 1
0000001548 1
0000001549 1
0000001550 1
0000001551 1
0000001552 1
0000001553 1
0000001554 1
0000001555 1
0000001556 1
0000001557 1
0000001558 1
0000001559 1
0000001560 1
0000001561 1
0000001562 1
0000001563 1
0000001564 1
0000001565 1
0000001566 1
0000001567 1
0000001568 1
0000001569 1
0000001570 1
0000001571 1
0000001572 1
0000001573 1
0000001574 1
0000001575 1
0000001576 1
0000001577 1
0000001578 1
0000001579 1
0000001580 1
0000001581 1
0000001582 1
0000001583 1
0000001584 1
0000001585 1
0000001586 1
0000001587 1
0000001588 1
0000001589 1
0000001590 1
0000001591 1
0000001592 1
0000001593 1
0000001594 1
0000001595 1
0000001596 1
0000001597 1
0000001598 1
0000001599 1
0000001600 1
0000001601 1
0000001602 1
0000001603 1
0000001604 1
0000001605 1
0000001606 1
0000001607 1
0000001608 1
0000001609 1
0000001610 1
0000001611 1
0000001612 1
0000001613 1
0000001614 1
0000001615 1
0000001616 1
0000001617 1
0000001618 1
0000001619 1
0000001620 1
0000001621 1
0000001622 1
0000001623 1
0000001624 1
0000001625 1
0000001626 1
0000001627 1
0000001628 1
0000001629 1
0000001630 1
0000001631 1
0000001632 1
0000001633 1
0000001634 1
0000001635 1
0000001636 1
0000001637 1
0000001638 1
0000001639 1
0000001640 1
0000001641 1
0000001642 1
0000001643 1
0000001644 1
0000001645 1
0000001646 1
0000001647 1
0000001648 1
0000001649 1
0000001650 1
0000001651 1
0000001652 1
0000001653 1
0000001654 1
0000001655 1
0000001656 1
0000001657 1
0000001658 1
0000001659 1
0000001660 1
0000001661 1
0000001662 1
0000001663 1
0000001664 1
0000001665 1
0000001666 1
0000001667 1
0000001668 1
0000001669 1
0000001670 1
0000001671 1
0000001672 1
0000001673 1
0000001674 1
0000001675 1
0000001676 1
0000001677 1
0000001678 1
0000001679 1
0000001680 1
0000001681 1
0000001682 1
0000001683 1
0000001684 1
0000001685 1
0000001686 1
0000001687 1
0000001688 1
0000001689 1
0000001690 1
0000001691 1
0000001692 1
0000001693 1
0000001694 1
0000001695 1
0000001696 1
0000001697 1
0000001698 1
0000001699 1
0000001700 1
0000001701 1
0000001702 1
0000001703 1
0000001704 1
0000001705 1
0000001706 1
0000001707 1
0000001708 1
0000001709 1
0000001710 1
0000001711 1
0000001712 1
0000001713 1
0000001714 1
0000001715 1
0000001716 1
0000001717 1
0000001718 1
0000001719 1
0000001720 1
0000001721 1
0000001722 1
0000001723 1
0000001724 1
0000001725 1
0000001726 1
0000001727 1
0000001728 1
0000001729 1
0000001730 1
0000001731 1
0000001732 1
0000001733 1
0000001734 1
0000001735 1
0000001736 1
0000001737 1
0000001738 1
0000001739 1
0000001740 1
0000001741 1
0000001742 1
0000001743 1
0000001744 1
0000001745 1
0000001746 1
0000001747 1
0000001748 1
0000001749 1
0000001750 1
0000001751 1
0000001752 1
0000001753 1
0000001754 1
0000001755 1
0000001756 1
0000001757 1
0000001758 1
0000001759 1
0000001760 1
0000001761 1
0000001762 1
0000001763 1
0000001764 1
0000001765 1
0000001766 1
0000001767 1
0000001768 1
0000001769 1
0000001770 1
0000001771 1
0000001772 1
0000001773 1
0000001774 1
0000001775 1
0000001776 1
0000001777 1
0000001778 1
0000001779 1
0000001780 1
0000001781 1
0000001782 1
0000001783 1
0000001784 1
0000001785 1
0000001786 1
0000001787 1
0000001788 1
0000001789 1
0000001790 1
0000001791 1
0000001792 1
0000001793 1
0000001794 1
0000001795 1
0000001796 1
0000001797 1
0000001798 1
0000001799 1
0000001800 1
0000001801 1
0000001802 1
0000001803 1
0000001804 1
0000001805 1
0000001806 1
0000001807 1
0000001808 1
0000001809 1
0000001810 1
0000001811 1
0000001812 1
0000001813 1
0000001814 1
0000001815 1
0000001816 1
0000001817 1
0000001818 1
0000001819 1
0000001820 1
0000001821 1
0000001822 1
0000001823 1
0000001824 1
0000001825 1
0000001826 1
0000001827 1
0000001828 1
0000001829 1
0000001830 1
0000001831 1
0000001832 1
0000001833 1
0000001834 1
0000001835 1
0000001836 1
0000001837 1
0000001838 1
0000001839 1
0000001840 1
0000001841 1
0000001842 1
0000001843 1
0000001844 1
0000001845 1
0000001846 1
0000001847 1
0000001848 1
0000001849 1
0000001850 1
0000001851 1
0000001852 1
0000001853 1
0000001854 1
0000001855 1
0000001856 1
0000001857 1
0000001858 1
0000001859 1
0000001860 1
0000001861 1
0000001862 1
0000001863 1
0000001864 1
0000001865 1
0000001866 1
0000001867 1
0000001868 1
0000001869 1
0000001870 1
0000001871 1
0000001872 1
0000001873 1
0000001874 1
0000001875 1
0000001876 1
0000001877 1
0000001878 1
0000001879 1
0000001880 1
0000001881 1
0000001882 1
0000001883 1
0000001884 1
0000001885 1
0000001886 1
0000001887 1
0000001888 1
0000001889 1
0000001890 1
0000001891 1
0000001892 1
0000001893 1
0000001894 1
0000001895 1
0000001896 1
0000001897 1
0000001898 1
0000001899 1
0000001900 1
0000001901 1
0000001902 1
0000001903 1
0000001904 1
0000001905 1
0000001906 1
0000001907 1
0000001908 1
0000001909 1
0000001910 1
0000001911 1
0000001912 1
0000001913 1
0000001914 1
0000001915 1
0000001916 1
0000001917 1
0000001918 1
0000001919 1
0000001920 1
0000001921 1
0000001922 1
0000001923 1
0000001924 1
0000001925 1
0000001926 1
0000001927 1
0000001928 1
0000001929 1
0000001930 1
0000001931 1
0000001932 1
0000001933 1
0000001934 1
0000001935 1
0000001936 1
0000001937 1
0000001938 1
0000001939 1
0000001940 1
0000001941 1
0000001942 1
0000001943 1
0000001944 1
0000001945 1
0000001946 1
0000001947 1
0000001948 1
0000001949 1
0000001950 1
0000001951 1
0000001952 1
0000001953 1
0000001954 1
0000001955 1
0000001956 1
0000001957 1
0000001958 1
0000001959 1
0000001960 1
0000001961 1
0000001962 1
0000001963 1
0000001964 1
0000001965 1
0000001966 1
0000001967 1
0000001968 1
0000001969 1
0000001970 1
0000001971 1
0000001972 1
0000001973 1
0000001974 1
0000001975 1
0000001976 1
0000001977 1
0000001978 1
0000001979 1
0000001980 1
0000001981 1
0000001982 1
0000001983 1
0000001984 1
0000001985 1
0000001986 1
0000001987 1
0000001988 1
0000001989 1
0000001990 1
0000001991 1
0000001992 1
0000001993 1
0000001994 1
0000001995 1
0000001996 1
0000001997 1
0000001998 1
0000001999 1
0000002000 1
0000002001 1
0000002002 1
0000002003 1
0000002004 1
0000002005 1
0000002006 1
0000002007 1
0000002008 1
0000002009 1
0000002010 1
0000002011 1
0000002012 1
0000002013 1
0000002014 1
0000002015 1
0000002016 1
0000002017 1
0000002018 1
0000002019 1
0000002020 1
0000002021 1
0000002022 1
0000002023 1
0000002024 1
0000002025 1
0000002026 1
0000002027 1
0000002028 1
0000002029 1
0000002030 1
0000002031 1
0000002032 1
0000002033 1
0000002034 1
0000002035 1
0000002036 1
0000002037 1
0000002038 1
0000002039 1
0000002040 1
0000002041 1
0000002042 1
0000002043 1
0000002044 1
0000002045 1
0000002046 1
0000002047 1
0000002048 1
0000002049 1
0000002050 1
0000002051 1
0000002052 1
0000002053 1
0000002054 1
0000002055 1
0000002056 1
0000002057 1
0000002058 1
0000002059 1
0000002060 1
0000002061 1
0000002062 1
0000002063 1
0000002064 1
0000002065 1
0000002066 1
0000002067 1
0000002068 1
0000002069 1
0000002070 1
0000002071 1
0000002072 1
0000002073 1
0000002074 1
0000002075 1
0000002076 1
0000002077 1
0000002078 1
0000002079 1
0000002080 1
0000002081 1
0000002082 1
0000002083 1
0000002084 1
0000002085 1
0000002086 1
0000002087 1
0000002088 1
0000002089 1
0000002090 1
0000002091 1
0000002092 1
0000002093 1
0000002094 1
0000002095 1
0000002096 1
0000002097 1
0000002098 1
0000002099 1
0000002100 1
0000002101 1
0000002102 1
0000002103 1
0000002104 1
0000002105 1
0000002106 1
0000002107 1
0000002108 1
0000002109 1
0000002110 1
0000002111 1
0000002112 1
0000002113 1
0000002114 1
0000002115 1
0000002116 1
0000002117 1
0000002118 1
0000002119 1
0000002120 1
0000002121 1
0000002122 1
0000002123 1
0000002124 1
0000002125 1
0000002126 1
0000002127 1
0000002128 1
0000002129 1
0000002130 1
0000002131 1
0000002132 1
0000002133 1
0000002134 1
0000002135 1
0000002136 1
0000002137 1
0000002138 1
0000002139 1
0000002140 1
0000002141 1
0000002142 1
0000002143 1
0000002144 1
0000002145 1
0000002146 1
0000002147 1
0000002148 1
0000002149 1
0000002150 1
0000002151 1
0000002152 1
0000002153 1
0000002154 1
0000002155 1
0000002156 1
0000002157 1
0000002158 1
0000002159 1
0000002160 1
0000002161 1
0000002162 1
0000002163 1
0000002164 1
0000002165 1
0000002166 1
0000002167 1
0000002168 1
0000002169 1
0000002170 1
0000002171 1
0000002172 1
0000002173 1
0000002174 1
0000002175 1
0000002176 1
0000002177 1
0000002178 1
0000002179 1
0000002180 1
0000002181 1
0000002182 1
0000002183 1
0000002184 1
0000002185 1
0000002186 1
0000002187 1
0000002188 1
0000002189 1
0000002190 1
0000002191 1
0000002192 1
0000002193 1
0000002194 1
0000002195 1
0000002196 1
0000002197 1
0000002198 1
0000002199 1
0000002200 1
0000002201 1
0000002202 1
0000002203 1
0000002204 1
0000002205 1
0000002206 1
0000002207 1
0000002208 1
0000002209 1
0000002210 1
0000002211 1
0000002212 1
0000002213 1
0000002214 1
0000002215 1
0000002216 1
0000002217 1
0000002218 1
0000002219 1
0000002220 1
0000002221 1
0000002222 1
0000002223 1
0000002224 1
0000002225 1
0000002226 1
0000002227 1
0000002228 1
0000002229 1
0000002230 1
0000002231 1
0000002232 1
0000002233 1
0000002234 1
0000002235 1
0000002236 1
0000002237 1
0000002238 1
0000002239 1
0000002240 1
0000002241 1
0000002242 1
0000002243 1
0000002244 1
0000002245 1
0000002246 1
0000002247 1
0000002248 1
0000002249 1
0000002250 1
0000002251 1
0000002252 1
0000002253 1
0000002254 1
0000002255 1
0000002256 1
0000002257 1
0000002258 1
0000002259 1
0000002260 1
0000002261 1
0000002262 1
0000002263 1
0000002264 1
0000002265 1
0000002266 1
0000002267 1
0000002268 1
0000002269 1
0000002270 1
0000002271 1
0000002272 1
0000002273 1
0000002274 1
0000002275 1
0000002276 1
0000002277 1
0000002278 1
0000002279 1
0000002280 1
0000002281 1
0000002282 1
0000002283 1
0000002284 1
0000002285 1
0000002286 1
0000002287 1
0000002288 1
0000002289 1
0000002290 1
0000002291 1
0000002292 1
0000002293 1
0000002294 1
0000002295 1
0000002296 1
0000002297 1
0000002298 1
0000002299 1
0000002300 1
0000002301 1
0000002302 1
0000002303 1
0000002304 1
0000002305 1
0000002306 1
0000002307 1
0000002308 1
0000002309 1
0000002310 1
0000002311 1
0000002312 1
0000002313 1
0000002314 1
0000002315 1
0000002316 1
0000002317 1
0000002318 1
0000002319 1
0000002320 1
0000002321 1
0000002322 1
0000002323 1
0000002324 1
0000002325 1
0000002326 1
0000002327 1
0000002328 1
0000002329 1
0000002330 1
0000002331 1
0000002332 1
0000002333 1
0000002334 1
0000002335 1
0000002336 1
0000002337 1
0000002338 1
0000002339 1
0000002340 1
0000002341 1
0000002342 1
0000002343 1
0000002344 1
0000002345 1
0000002346 1
0000002347 1
0000002348 1
0000002349 1
0000002350 1
0000002351 1
0000002352 1
0000002353 1
0000002354 1
0000002355 1
0000002356 1
0000002357 1
0000002358 1
0000002359 1
0000002360 1
0000002361 1
0000002362 1
0000002363 1
0000002364 1
0000002365 1
0000002366 1
0000002367 1
0000002368 1
0000002369 1
0000002370 1
0000002371 1
0000002372 1
0000002373 1
0000002374 1
0000002375 1
0000002376 1
0000002377 1
0000002378 1
0000002379 1
0000002380 1
0000002381 1
0000002382 1
0000002383 1
0000002384 1
0000002385 1
0000002386 1
0000002387 1
0000002388 1
0000002389 1
0000002390 1
0000002391 1
0000002392 1
0000002393 1
0000002394 1
0000002395 1
0000002396 1
0000002397 1
0000002398 1
0000002399 1
0000002400 1
0000002401 1
0000002402 1
0000002403 1
0000002404 1
0000002405 1
0000002406 1
0000002407 1
0000002408 1
0000002409 1
0000002410 1
0000002411 1
0000002412 1
0000002413 1
0000002414 1
0000002415 1
0000002416 1
0000002417 1
0000002418 1
0000002419 1
0000002420 1
0000002421 1
0000002422 1
0000002423 1
0000002424 1
0000002425 1
0000002426 1
0000002427 1
0000002428 1
0000002429 1
0000002430 1
0000002431 1
0000002432 1
0000002433 1
0000002434 1
0000002435 1
0000002436 1
0000002437 1
0000002438 1
0000002439 1
0000002440 1
0000002441 1
0000002442 1
0000002443 1
0000002444 1
0000002445 1
0000002446 1
0000002447 1
0000002448 1
0000002449 1
0000002450 1
0000002451 1
0000002452 1
0000002453 1
0000002454 1
0000002455 1
0000002456 1
0000002457 1
0000002458 1
0000002459 1
0000002460 1
0000002461 1
0000002462 1
0000002463 1
0000002464 1
0000002465 1
0000002466 1
0000002467 1
0000002468 1
0000002469 1
0000002470 1
0000002471 1
0000002472 1
0000002473 1
0000002474 1
0000002475 1
0000002476 1
0000002477 1
0000002478 1
0000002479 1
0000002480 1
0000002481 1
0000002482 1
0000002483 1
0000002484 1
0000002485 1
0000002486 1
0000002487 1
0000002488 1
0000002489 1
0000002490 1
0000002491 1
0000002492 1
0000002493 1
0000002494 1
0000002495 1
0000002496 1
0000002497 1
0000002498 1
0000002499 1
0000002500 1
0000002501 1
0000002502 1
0000002503 1
0000002504 1
0000002505 1
0000002506 1
0000002507 1
0000002508 1
0000002509 1
0000002510 1
0000002511 1
0000002512 1
0000002513 1
0000002514 1
0000002515 1
0000002516 1
0000002517 1
0000002518 1
0000002519 1
0000002520 1
0000002521 1
0000002522 1
0000002523 1
0000002524 1
0000002525 1
0000002526 1
0000002527 1
0000002528 1
0000002529 1
0000002530 1
0000002531 1
0000002532 1
0000002533 1
0000002534 1
0000002535 1
0000002536 1
0000002537 1
0000002538 1
0000002539 1
0000002540 1
0000002541 1
0000002542 1
0000002543 1
0000002544 1
0000002545 1
0000002546 1
0000002547 1
0000002548 1
0000002549 1
0000002550 1
0000002551 1
0000002552 1
0000002553 1
0000002554 1
0000002555 1
0000002556 1
0000002557 1
0000002558 1
0000002559 1
0000002560 1
0000002561 1
0000002562 1
0000002563 1
0000002564 1
0000002565 1
0000002566 1
0000002567 1
0000002568 1
0000002569 1
0000002570 1
0000002571 1
0000002572 1
0000002573 1
0000002574 1
0000002575 1
0000002576 1
0000002577 1
0000002578 1
0000002579 1
0000002580 1
0000002581 1
0000002582 1
0000002583 1
0000002584 1
0000002585 1
0000002586 1
0000002587 1
0000002588 1
0000002589 1
0000002590 1
0000002591 1
0000002592 1
0000002593 1
0000002594 1
0000002595 1
0000002596 1
0000002597 1
0000002598 1
0000002599 1
0000002600 1
0000002601 1
0000002602 1
0000002603 1
0000002604 1
0000002605 1
0000002606 1
0000002607 0
0000002608 0
0000002609 0
0000002610 0
0000002611 0
0000002612 0
0000002613 0
0000002614 0
0000002615 0
0000002616 0
0000002617 0
0000002618 0
0000002619 0
0000002620 0
0000002621 0
0000002622 0
0000002623 0
0000002624 0
0000002625 0
0000002626 0
0000002627 0
0000002628 0
0000002629 0
0000002630 0
0000002631 0
0000002632 0
0000002633 0
0000002634 0
0000002635 0
0000002636 0
0000002637 0
0000002638 0
0000002639 0
0000002640 0
0000002641 0
0000002642 0
0000002643 0
0000002644 0
0000002645 0
0000002646 0
0000002647 0
0000002648 0
0000002649 0
0000002650 0
0000002651 0
0000002652 0
0000002653 0
0000002654 0
0000002655 0
0000002656 0
0000002657 0
0000002658 0
0000002659 0
0000002660 0
0000002661 0
0000002662 0
0000002663 0
0000002664 0
0000002665 0
0000002666 0
0000002667 0
0000002668 0
0000002669 0
0000002670 0
0000002671 0
0000002672 0
0000002673 0
0000002674 0
0000002675 0
0000002676 0
0000002677 0
0000002678 0
0000002679 0
0000002680 0
0000002681 0
0000002682 0
0000002683 0
0000002684 0
0000002685 0
0000002686 0
0000002687 0
0000002688 0
0000002689 0
0000002690 0
0000002691 0
0000002692 0
0000002693 0
0000002694 0
0000002695 0
0000002696 0
0000002697 0
0000002698 0
0000002699 0
0000002700 0
0000002701 0
0000002702 0
0000002703 0
0000002704 0
0000002705 0
0000002706 0
0000002707 0
0000002708 0
0000002709 0
0000002710 0
0000002711 0
0000002712 0
0000002713 0
0000002714 0
0000002715 0
0000002716 0
0000002717 0
0000002718 0
0000002719 0
0000002720 0
0000002721 0
0000002722 0
0000002723 0
0000002724 0
0000002725 0
0000002726 0
0000002727 0
0000002728 0
0000002729 0
0000002730 0
0000002731 0
0000002732 0
0000002733 0
0000002734 0
0000002735 0
0000002736 0
0000002737 0
0000002738 0
0000002739 0
0000002740 0
0000002741 0
0000002742 0
0000002743 0
0000002744 0
0000002745 0
0000002746 0
0000002747 0
0000002748 0
0000002749 0
0000002750 0
0000002751 0
0000002752 0
0000002753 0
0000002754 0
0000002755 0
0000002756 0
0000002757 0
0000002758 0
0000002759 0
0000002760 0
0000002761 0
0000002762 0
0000002763 0
0000002764 0
0000002765 0
0000002766 0
0000002767 0
0000002768 0
0000002769 0
0000002770 0
0000002771 0
0000002772 0
0000002773 0
0000002774 0
0000002775 0
0000002776 0
0000002777 0
0000002778 0
0000002779 0
0000002780 0
0000002781 0
0000002782 0
0000002783 0
0000002784 0
0000002785 0
0000002786 0
0000002787 0
0000002788 0
0000002789 0
0000002790 0
0000002791 0
0000002792 0
0000002793 0
0000002794 0
0000002795 0
0000002796 0
0000002797 0
0000002798 0
0000002799 0
0000002800 0
0000002801 0
0000002802 0
0000002803 0
0000002804 0
0000002805 0
0000002806 0
0000002807 0
0000002808 0
0000002809 0
0000002810 0
0000002811 0
0000002812 0
0000002813 0
0000002814 0
0000002815 0
0000002816 0
0000002817 0
0000002818 0
0000002819 0
0000002820 0
0000002821 0
0000002822 0
0000002823 0
0000002824 0
0000002825 0
0000002826 0
0000002827 0
0000002828 0
0000002829 0
0000002830 0
0000002831 0
0000002832 0
0000002833 0
0000002834 0
0000002835 0
0000002836 0
0000002837 0
0000002838 0
0000002839 0
0000002840 0
0000002841 0
0000002842 0
0000002843 0
0000002844 0
0000002845 0
0000002846 0
0000002847 0
0000002848 0
0000002849 0
0000002850 0
0000002851 0
0000002852 0
0000002853 0
0000002854 0
0000002855 0
0000002856 0
0000002857 0
0000002858 0
0000002859 0
0000002860 0
0000002861 0
0000002862 0
0000002863 0
0000002864 0
0000002865 0
0000002866 0
0000002867 0
0000002868 0
0000002869 0
0000002870 0
0000002871 0
0000002872 0
0000002873 0
0000002874 0
0000002875 0
0000002876 0
0000002877 0
0000002878 0
0000002879 0
0000002880 0
0000002881 0
0000002882 0
0000002883 0
0000002884 0
0000002885 0
0000002886 0
0000002887 0
0000002888 0
0000002889 0
0000002890 0
0000002891 0
0000002892 0
0000002893 0
0000002894 0
0000002895 0
0000002896 0
0000002897 0
0000002898 0
0000002899 0
0000002900 0
0000002901 0
0000002902 0
0000002903 0
0000002904 0
0000002905 0
0000002906 0
0000002907 0
0000002908 0
0000002909 0
0000002910 0
0000002911 0
0000002912 0
0000002913 0
0000002914 0
0000002915 0
0000002916 0
0000002917 0
0000002918 0
0000002919 0
0000002920 0
0000002921 0
0000002922 0
0000002923 0
0000002924 0
0000002925 0
0000002926 0
0000002927 0
0000002928 0
0000002929 0
0000002930 0
0000002931 0
0000002932 0
0000002933 0
0000002934 0
0000002935 0
0000002936 0
0000002937 0
0000002938 0
0000002939 0
0000002940 0
0000002941 0
0000002942 0
0000002943 0
0000002944 0
0000002945 0
0000002946 0
0000002947 0
0000002948 0
0000002949 0
0000002950 0
0000002951 0
0000002952 0
0000002953 0
0000002954 0
0000002955 0
0000002956 0
0000002957 0
0000002958 0
0000002959 0
0000002960 0
0000002961 0
0000002962 0
0000002963 0
0000002964 0
0000002965 0
0000002966 0
0000002967 0
0000002968 0
0000002969 0
0000002970 0
0000002971 0
0000002972 0
0000002973 0
0000002974 0
0000002975 0
0000002976 0
0000002977 0
0000002978 0
0000002979 0
0000002980 0
0000002981 0
0000002982 0
0000002983 0
0000002984 0
0000002985 0
0000002986 0
0000002987 0
0000002988 0
0000002989 0
0000002990 0
0000002991 0
0000002992 0
0000002993 0
0000002994 0
0000002995 0
0000002996 0
0000002997 0
0000002998 0
0000002999 0
0000003000 0
0000003001 0
0000003002 0
0000003003 0
0000003004 0
0000003005 0
0000003006 0
0000003007 0
0000003008 0
0000003009 0
0000003010 0
0000003011 0
0000003012 0
0000003013 0
0000003014 0
0000003015 0
0000003016 0
0000003017 0
0000003018 0
0000003019 0
0000003020 0
0000003021 0
0000003022 0
0000003023 0
0000003024 0
0000003025 0
0000003026 0
0000003027 0
0000003028 0
0000003029 0
0000003030 0
0000003031 0
0000003032 0
0000003033 0
0000003034 0
0000003035 0
0000003036 0
0000003037 0
0000003038 0
0000003039 0
0000003040 0
0000003041 0
0000003042 0
0000003043 0
0000003044 0
0000003045 0
0000003046 0
0000003047 0
0000003048 0
0000003049 0
0000003050 0
0000003051 0
0000003052 0
0000003053 0
0000003054 0
0000003055 0
0000003056 0
0000003057 0
0000003058 0
0000003059 0
0000003060 0
0000003061 0
0000003062 0
0000003063 0
0000003064 0
0000003065 0
0000003066 0
0000003067 0
0000003068 0
0000003069 0
0000003070 0
0000003071 0
0000003072 0
0000003073 0
0000003074 0
0000003075 0
0000003076 0
0000003077 0
0000003078 0
0000003079 0
0000003080 0
0000003081 0
0000003082 0
0000003083 0
0000003084 0
0000003085 0
0000003086 0
0000003087 0
0000003088 0
0000003089 0
0000003090 0
0000003091 0
0000003092 0
0000003093 0
0000003094 0
0000003095 0
0000003096 0
0000003097 0
0000003098 0
0000003099 0
0000003100 0
0000003101 0
0000003102 0
0000003103 0
0000003104 0
0000003105 0
0000003106 0
0000003107 0
0000003108 0
0000003109 0
0000003110 0
0000003111 0
0000003112 0
0000003113 0
0000003114 0
0000003115 0
0000003116 0
0000003117 0
0000003118 0
0000003119 0
0000003120 0
0000003121 0
0000003122 0
0000003123 0
0000003124 0
0000003125 0
0000003126 0
0000003127 0
0000003128 0
0000003129 0
0000003130 0
0000003131 0
0000003132 0
0000003133 0
0000003134 0
0000003135 0
0000003136 0
0000003137 0
0000003138 0
0000003139 0
0000003140 0
0000003141 0
0000003142 0
0000003143 0
0000003144 0
0000003145 0
0000003146 0
0000003147 0
0000003148 0
0000003149 0
0000003150 0
0000003151 0
0000003152 0
0000003153 0
0000003154 0
0000003155 0
0000003156 0
0000003157 0
0000003158 0
0000003159 0
0000003160 0
0000003161 0
0000003162 0
0000003163 0
0000003164 0
0000003165 0
0000003166 0
0000003167 0
0000003168 0
0000003169 0
0000003170 0
0000003171 0
0000003172 0
0000003173 0
0000003174 0
0000003175 0
0000003176 0
0000003177 0
0000003178 0
0000003179 0
0000003180 0
0000003181 0
0000003182 0
0000003183 0
0000003184 0
0000003185 0
0000003186 0
0000003187 0
0000003188 0
0000003189 0
0000003190 0
0000003191 0
0000003192 0
0000003193 0
0000003194 0
0000003195 0
0000003196 0
0000003197 0
0000003198 0
0000003199 0
0000003200 0
0000003201 0
0000003202 0
0000003203 0
0000003204 0
0000003205 0
0000003206 0
0000003207 0
0000003208 0
0000003209 0
0000003210 0
0000003211 0
0000003212 0
0000003213 0
0000003214 0
0000003215 0
0000003216 0
0000003217 0
0000003218 0
0000003219 0
0000003220 0
0000003221 0
0000003222 0
0000003223 0
0000003224 0
0000003225 0
0000003226 0
0000003227 0
0000003228 0
0000003229 0
0000003230 0
0000003231 0
0000003232 0
0000003233 0
0000003234 0
0000003235 0
0000003236 0
0000003237 0
0000003238 0
0000003239 0
0000003240 0
0000003241 0
0000003242 0
0000003243 0
0000003244 0
0000003245 0
0000003246 0
0000003247 0
0000003248 0
0000003249 0
0000003250 0
0000003251 0
0000003252 0
0000003253 0
0000003254 0
0000003255 0
0000003256 0
0000003257 0
0000003258 0
0000003259 0
0000003260 0
0000003261 0
0000003262 0
0000003263 0
0000003264 0
0000003265 0
0000003266 0
0000003267 0
0000003268 0
0000003269 0
0000003270 0
0000003271 0
0000003272 0
0000003273 0
0000003274 0
0000003275 0
0000003276 0
0000003277 0
0000003278 0
0000003279 0
0000003280 0
0000003281 0
0000003282 0
0000003283 0
0000003284 0
0000003285 0
0000003286 0
0000003287 0
0000003288 0
0000003289 0
0000003290 0
0000003291 0
0000003292 0
0000003293 0
0000003294 0
0000003295 0
0000003296 0
0000003297 0
0000003298 0
0000003299 0
0000003300 0
0000003301 0
0000003302 0
0000003303 0
0000003304 0
0000003305 0
0000003306 0
0000003307 0
0000003308 0
0000003309 0
0000003310 0
0000003311 0
0000003312 0
0000003313 0
0000003314 0
0000003315 0
0000003316 0
0000003317 0
0000003318 0
0000003319 0
0000003320 0
0000003321 0
0000003322 0
0000003323 0
0000003324 0
0000003325 0
0000003326 0
0000003327 0
0000003328 0
0000003329 0
0000003330 0
0000003331 0
0000003332 0
0000003333 0
0000003334 0
0000003335 0
0000003336 0
0000003337 0
0000003338 0
0000003339 0
0000003340 0
0000003341 0
0000003342 0
0000003343 0
0000003344 0
0000003345 0
0000003346 0
0000003347 0
0000003348 0
0000003349 0
0000003350 0
0000003351 0
0000003352 0
0000003353 0
0000003354 0
0000003355 0
0000003356 0
0000003357 0
0000003358 0
0000003359 0
0000003360 0
0000003361 0
0000003362 0
0000003363 0
0000003364 0
0000003365 0
0000003366 0
0000003367 0
0000003368 0
0000003369 0
0000003370 0
0000003371 0
0000003372 0
0000003373 0
0000003374 0
0000003375 0
0000003376 0
0000003377 0
0000003378 0
0000003379 0
0000003380 0
0000003381 0
0000003382 0
0000003383 0
0000003384 0
0000003385 0
0000003386 0
0000003387 0
0000003388 0
0000003389 0
0000003390 0
0000003391 0
0000003392 0
0000003393 0
0000003394 0
0000003395 0
0000003396 0
0000003397 0
0000003398 0
0000003399 0
0000003400 0
0000003401 0
0000003402 0
0000003403 0
0000003404 0
0000003405 0
0000003406 0
0000003407 0
0000003408 0
0000003409 0
0000003410 0
0000003411 0
0000003412 0
0000003413 0
0000003414 0
0000003415 0
0000003416 0
0000003417 0
0000003418 0
0000003419 0
0000003420 0
0000003421 0
0000003422 0
0000003423 0
0000003424 0
0000003425 0
0000003426 0
0000003427 0
0000003428 0
0000003429 0
0000003430 0
0000003431 0
0000003432 0
0000003433 0
0000003434 0
0000003435 0
0000003436 0
0000003437 0
0000003438 0
0000003439 0
0000003440 0
0000003441 0
0000003442 0
0000003443 0
0000003444 0
0000003445 0
0000003446 0
0000003447 0
0000003448 0
0000003449 0
0000003450 0
0000003451 0
0000003452 0
0000003453 0
0000003454 0
0000003455 0
0000003456 0
0000003457 0
0000003458 0
0000003459 0
0000003460 0
0000003461 0
0000003462 0
0000003463 0
0000003464 0
0000003465 0
0000003466 0
0000003467 0
0000003468 0
0000003469 0
0000003470 0
0000003471 0
0000003472 0
0000003473 0
0000003474 0
0000003475 0
0000003476 0
0000003477 0
0000003478 0
0000003479 0
0000003480 0
0000003481 0
0000003482 0
0000003483 0
0000003484 0
0000003485 0
0000003486 0
0000003487 0
0000003488 0
0000003489 0
0000003490 0
0000003491 0
0000003492 0
0000003493 0
0000003494 0
0000003495 0
0000003496 0
0000003497 0
0000003498 0
0000003499 0
0000003500 0
0000003501 0
0000003502 0
0000003503 0
0000003504 0
0000003505 0
0000003506 0
0000003507 0
0000003508 0
0000003509 0
0000003510 0
0000003511 0
0000003512 0
0000003513 0
0000003514 0
0000003515 0
0000003516 0
0000003517 0
0000003518 0
0000003519 0
0000003520 0
0000003521 0
0000003522 0
0000003523 0
0000003524 0
0000003525 0
0000003526 0
0000003527 0
0000003528 0
0000003529 0
0000003530 0
0000003531 0
0000003532 0
0000003533 0
0000003534 0
0000003535 0
0000003536 0
0000003537 0
0000003538 0
0000003539 0
0000003540 0
0000003541 0
0000003542 0
0000003543 0
0000003544 0
0000003545 0
0000003546 0
0000003547 0
0000003548 0
0000003549 0
0000003550 0
0000003551 0
0000003552 0
0000003553 0
0000003554 0
0000003555 0
0000003556 0
0000003557 0
0000003558 0
0000003559 0
0000003560 0
0000003561 0
0000003562 0
0000003563 0
0000003564 0
0000003565 0
0000003566 0
0000003567 0
0000003568 0
0000003569 0
0000003570 0
0000003571 0
0000003572 0
0000003573 0
0000003574 0
0000003575 0
0000003576 0
0000003577 0
0000003578 0
0000003579 0
0000003580 0
0000003581 0
0000003582 0
0000003583 0
0000003584 0
0000003585 0
0000003586 0
0000003587 0
0000003588 0
0000003589 0
0000003590 0
0000003591 0
0000003592 0
0000003593 0
0000003594 0
0000003595 0
0000003596 0
0000003597 0
0000003598 0
0000003599 0
0000003600 0
0000003601 0
0000003602 0
0000003603 0
0000003604 0
0000003605 0
0000003606 0
0000003607 0
0000003608 0
0000003609 0
0000003610 0
0000003611 0
0000003612 0
0000003613 0
0000003614 0
0000003615 0
0000003616 0
0000003617 0
0000003618 0
0000003619 0
0000003620 0
0000003621 0
0000003622 0
0000003623 0
0000003624 0
0000003625 0
0000003626 0
0000003627 0
0000003628 0
0000003629 0
0000003630 0
0000003631 0
0000003632 0
0000003633 0
0000003634 0
0000003635 0
0000003636 0
0000003637 0
0000003638 0
0000003639 0
0000003640 0
0000003641 0
0000003642 0
0000003643 0
0000003644 0
0000003645 0
0000003646 0
0000003647 0
0000003648 0
0000003649 0
0000003650 0
0000003651 0
0000003652 0
0000003653 0
0000003654 0
0000003655 0
0000003656 0
0000003657 0
0000003658 0
0000003659 0
0000003660 0
0000003661 0
0000003662 0
0000003663 0
0000003664 0
0000003665 0
0000003666 0
0000003667 0
0000003668 0
0000003669 0
0000003670 0
0000003671 0
0000003672 0
0000003673 0
0000003674 0
0000003675 0
0000003676 0
0000003677 0
0000003678 0
0000003679 0
0000003680 0
0000003681 0
0000003682 0
0000003683 0
0000003684 0
0000003685 0
0000003686 0
0000003687 0
0000003688 0
0000003689 0
0000003690 0
0000003691 0
0000003692 0
0000003693 0
0000003694 0
0000003695 0
0000003696 0
0000003697 0
0000003698 0
0000003699 0
0000003700 0
0000003701 0
0000003702 0
0000003703 0
0000003704 0
0000003705 0
0000003706 0
0000003707 0
0000003708 0
0000003709 0
0000003710 0
0000003711 0
0000003712 0
0000003713 0
0000003714 0
0000003715 0
0000003716 0
0000003717 0
0000003718 0
0000003719 0
0000003720 0
0000003721 0
0000003722 0
0000003723 0
0000003724 0
0000003725 0
0000003726 0
0000003727 0
0000003728 0
0000003729 0
0000003730 0
0000003731 0
0000003732 0
0000003733 0
0000003734 0
0000003735 0
0000003736 0
0000003737 0
0000003738 0
0000003739 0
0000003740 0
0000003741 0
0000003742 0
0000003743 0
0000003744 0
0000003745 0
0000003746 0
0000003747 0
0000003748 0
0000003749 0
0000003750 0
0000003751 0
0000003752 0
0000003753 0
0000003754 0
0000003755 0
0000003756 0
0000003757 0
0000003758 0
0000003759 0
0000003760 0
0000003761 0
0000003762 0
0000003763 0
0000003764 0
0000003765 0
0000003766 0
0000003767 0
0000003768 0
0000003769 0
0000003770 0
0000003771 0
0000003772 0
0000003773 0
0000003774 0
0000003775 0
0000003776 0
0000003777 0
0000003778 0
0000003779 0
0000003780 0
0000003781 0
0000003782 0
0000003783 0
0000003784 0
0000003785 0
0000003786 0
0000003787 0
0000003788 0
0000003789 0
0000003790 0
0000003791 0
0000003792 0
0000003793 0
0000003794 0
0000003795 0
0000003796 0
0000003797 0
0000003798 0
0000003799 0
0000003800 0
0000003801 0
0000003802 0
0000003803 0
0000003804 0
0000003805 0
0000003806 0
0000003807 0
0000003808 0
0000003809 0
0000003810 0
0000003811 0
0000003812 0
0000003813 0
0000003814 0
0000003815 0
0000003816 0
0000003817 0
0000003818 0
0000003819 0
0000003820 0
0000003821 0
0000003822 0
0000003823 0
0000003824 0
0000003825 0
0000003826 0
0000003827 0
0000003828 0
0000003829 0
0000003830 0
0000003831 0
0000003832 0
0000003833 0
0000003834 0
0000003835 0
0000003836 0
0000003837 0
0000003838 0
0000003839 0
0000003840 0
0000003841 0
0000003842 0
0000003843 0
0000003844 0
0000003845 0
0000003846 0
0000003847 0
0000003848 0
0000003849 0
0000003850 0
0000003851 0
0000003852 0
0000003853 0
0000003854 0
0000003855 0
0000003856 0
0000003857 0
0000003858 0
0000003859 0
0000003860 0
0000003861 0
0000003862 0
0000003863 0
0000003864 0
0000003865 0
0000003866 0
0000003867 0
0000003868 0
0000003869 0
0000003870 0
0000003871 0
0000003872 0
0000003873 0
0000003874 0
0000003875 0
0000003876 0
0000003877 0
0000003878 0
0000003879 0
0000003880 0
0000003881 0
0000003882 0
0000003883 0
0000003884 0
0000003885 0
0000003886 0
0000003887 0
0000003888 0
0000003889 0
0000003890 0
0000003891 0
0000003892 0
0000003893 0
0000003894 0
0000003895 0
0000003896 0
0000003897 0
0000003898 0
0000003899 0
0000003900 0
0000003901 0
0000003902 0
0000003903 0
0000003904 0
0000003905 0
0000003906 0
0000003907 0
0000003908 0
0000003909 0
0000003910 0
0000003911 0
0000003912 0
0000003913 0
0000003914 0
0000003915 0
0000003916 0
0000003917 0
0000003918 0
0000003919 0
0000003920 0
0000003921 0
0000003922 0
0000003923 0
0000003924 0
0000003925 0
0000003926 0
0000003927 0
0000003928 0
0000003929 0
0000003930 0
0000003931 0
0000003932 0
0000003933 0
0000003934 0
0000003935 0
0000003936 0
0000003937 0
0000003938 0
0000003939 0
0000003940 0
0000003941 0
0000003942 0
0000003943 0
0000003944 0
0000003945 0
0000003946 0
0000003947 0
0000003948 0
0000003949 0
0000003950 0
0000003951 0
0000003952 0
0000003953 0
0000003954 0
0000003955 0
0000003956 0
0000003957 0
0000003958 0
0000003959 0
0000003960 0
0000003961 0
0000003962 0
0000003963 0
0000003964 0
0000003965 0
0000003966 0
0000003967 0
0000003968 0
0000003969 0
0000003970 0
0000003971 0
0000003972 0
0000003973 0
0000003974 0
0000003975 0
0000003976 0
0000003977 0
0000003978 0
0000003979 0
0000003980 0
0000003981 0
0000003982 0
0000003983 0
0000003984 0
0000003985 0
0000003986 0
0000003987 0
0000003988 0
0000003989 0
0000003990 0
0000003991 0
0000003992 0
0000003993 0
0000003994 0
0000003995 0
0000003996 0
0000003997 0
0000003998 0
0000003999 0
0000004000 0
0000004001 0
0000004002 0
0000004003 0
0000004004 0
0000004005 0
0000004006 0
0000004007 0
0000004008 0
0000004009 0
0000004010 0
0000004011 0
0000004012 0
0000004013 0
0000004014 0
0000004015 0
0000004016 0
0000004017 0
0000004018 0
0000004019 0
0000004020 0
0000004021 0
0000004022 0
0000004023 0
0000004024 0
0000004025 0
0000004026 0
0000004027 0
0000004028 0
0000004029 0
0000004030 0
0000004031 0
0000004032 0
0000004033 0
0000004034 0
0000004035 0
0000004036 0
0000004037 0
0000004038 0
0000004039 0
0000004040 0
0000004041 0
0000004042 0
0000004043 0
0000004044 0
0000004045 0
0000004046 0
0000004047 0
0000004048 0
0000004049 0
0000004050 0
0000004051 0
0000004052 0
0000004053 0
0000004054 0
0000004055 0
0000004056 0
0000004057 0
0000004058 0
0000004059 0
0000004060 0
0000004061 0
0000004062 0
0000004063 0
0000004064 0
0000004065 0
0000004066 0
0000004067 0
0000004068 0
0000004069 0
0000004070 0
0000004071 0
0000004072 0
0000004073 0
0000004074 0
0000004075 0
0000004076 0
0000004077 0
0000004078 0
0000004079 0
0000004080 0
0000004081 0
0000004082 0
0000004083 0
0000004084 0
0000004085 0
0000004086 0
0000004087 0
0000004088 0
0000004089 0
0000004090 0
0000004091 0
0000004092 0
0000004093 0
0000004094 0
0000004095 0
0000004096 0
0000004097 0
0000004098 0
0000004099 0
0000004100 0
0000004101 0
0000004102 0
0000004103 0
0000004104 0
0000004105 0
0000004106 0
0000004107 0
0000004108 0
0000004109 0
0000004110 0
0000004111 0
0000004112 0
0000004113 0
0000004114 0
0000004115 0
0000004116 0
0000004117 0
0000004118 0
0000004119 0
0000004120 0
0000004121 0
0000004122 0
0000004123 0
0000004124 0
0000004125 0
0000004126 0
0000004127 0
0000004128 0
0000004129 0
0000004130 0
0000004131 0
0000004132 0
0000004133 0
0000004134 0
0000004135 0
0000004136 0
0000004137 0
0000004138 0
0000004139 0
0000004140 0
0000004141 0
0000004142 0
0000004143 0
0000004144 0
0000004145 0
0000004146 0
0000004147 0
0000004148 0
0000004149 0
0000004150 0
0000004151 0
0000004152 0
0000004153 0
0000004154 0
0000004155 0
0000004156 0
0000004157 0
0000004158 0
0000004159 0
0000004160 0
0000004161 0
0000004162 0
0000004163 0
0000004164 0
0000004165 0
0000004166 0
0000004167 0
0000004168 0
0000004169 0
0000004170 0
0000004171 0
0000004172 0
0000004173 0
0000004174 0
0000004175 0
0000004176 0
0000004177 0
0000004178 0
0000004179 0
0000004180 0
0000004181 0
0000004182 0
0000004183 0
0000004184 0
0000004185 0
0000004186 0
0000004187 0
0000004188 0
0000004189 0
0000004190 0
0000004191 0
0000004192 0
0000004193 0
0000004194 0
0000004195 0
0000004196 0
0000004197 0
0000004198 0
0000004199 0
0000004200 0
0000004201 0
0000004202 0
0000004203 0
0000004204 0
0000004205 0
0000004206 0
0000004207 0
0000004208 0
0000004209 0
0000004210 0
0000004211 0
0000004212 0
0000004213 0
0000004214 0
0000004215 0
0000004216 0
0000004217 0
0000004218 0
0000004219 0
0000004220 0
0000004221 0
0000004222 0
0000004223 0
0000004224 0
0000004225 0
0000004226 0
0000004227 0
0000004228 0
0000004229 0
0000004230 0
0000004231 0
0000004232 0
0000004233 0
0000004234 0
0000004235 0
0000004236 0
0000004237 0
0000004238 0
0000004239 0
0000004240 0
0000004241 0
0000004242 0
0000004243 0
0000004244 0
0000004245 0
0000004246 0
0000004247 0
0000004248 0
0000004249 0
0000004250 0
0000004251 0
0000004252 0
0000004253 0
0000004254 0
0000004255 0
0000004256 0
0000004257 0
0000004258 0
0000004259 0
0000004260 0
0000004261 0
0000004262 0
0000004263 0
0000004264 0
0000004265 0
0000004266 0
0000004267 0
0000004268 0
0000004269 0
0000004270 0
0000004271 0
0000004272 0
0000004273 0
0000004274 0
0000004275 0
0000004276 0
0000004277 0
0000004278 0
0000004279 0
0000004280 0
0000004281 0
0000004282 0
0000004283 0
0000004284 0
0000004285 0
0000004286 0
0000004287 0
0000004288 0
0000004289 0
0000004290 0
0000004291 0
0000004292 0
0000004293 0
0000004294 0
0000004295 0
0000004296 0
0000004297 0
0000004298 0
0000004299 0
0000004300 0
0000004301 0
0000004302 0
0000004303 0
0000004304 0
0000004305 0
0000004306 0
0000004307 0
0000004308 0
0000004309 0
0000004310 0
0000004311 0
0000004312 0
0000004313 0
0000004314 0
0000004315 0
0000004316 0
0000004317 0
0000004318 0
0000004319 0
0000004320 0
0000004321 0
0000004322 0
0000004323 0
0000004324 0
0000004325 0
0000004326 0
0000004327 0
0000004328 0
0000004329 0
0000004330 0
0000004331 0
0000004332 0
0000004333 0
0000004334 0
0000004335 0
0000004336 0
0000004337 0
0000004338 0
0000004339 0
0000004340 0
0000004341 0
0000004342 0
0000004343 0
0000004344 0
0000004345 0
0000004346 0
0000004347 0
0000004348 0
0000004349 0
0000004350 0
0000004351 0
0000004352 0
0000004353 0
0000004354 0
0000004355 0
0000004356 0
0000004357 0
0000004358 0
0000004359 0
0000004360 0
0000004361 0
0000004362 0
0000004363 0
0000004364 0
0000004365 0
0000004366 0
0000004367 0
0000004368 0
0000004369 0
0000004370 0
0000004371 0
0000004372 0
0000004373 0
0000004374 0
0000004375 0
0000004376 0
0000004377 0
0000004378 0
0000004379 0
0000004380 0
0000004381 0
0000004382 0
0000004383 0
0000004384 0
0000004385 0
0000004386 0
0000004387 0
0000004388 0
0000004389 0
0000004390 0
0000004391 0
0000004392 0
0000004393 0
0000004394 0
0000004395 0
0000004396 0
0000004397 0
0000004398 0
0000004399 0
0000004400 0
0000004401 0
0000004402 0
0000004403 0
0000004404 0
0000004405 0
0000004406 0
0000004407 0
0000004408 0
0000004409 0
0000004410 0
0000004411 0
0000004412 0
0000004413 0
0000004414 0
0000004415 0
0000004416 0
0000004417 0
0000004418 0
0000004419 0
0000004420 0
0000004421 0
0000004422 0
0000004423 0
0000004424 0
0000004425 0
0000004426 0
0000004427 0
0000004428 0
0000004429 0
0000004430 0
0000004431 0
0000004432 0
0000004433 0
0000004434 0
0000004435 0
0000004436 0
0000004437 0
0000004438 0
0000004439 0
0000004440 0
0000004441 0
0000004442 0
0000004443 0
0000004444 0
0000004445 0
0000004446 0
0000004447 0
0000004448 0
0000004449 0
0000004450 0
0000004451 0
0000004452 0
0000004453 0
0000004454 0
0000004455 0
0000004456 0
0000004457 0
0000004458 0
0000004459 0
0000004460 0
0000004461 0
0000004462 0
0000004463 0
0000004464 0
0000004465 0
0000004466 0
0000004467 0
0000004468 0
0000004469 0
0000004470 0
0000004471 0
0000004472 0
0000004473 0
0000004474 0
0000004475 0
0000004476 0
0000004477 0
0000004478 0
0000004479 0
0000004480 0
0000004481 0
0000004482 0
0000004483 0
0000004484 0
0000004485 0
0000004486 0
0000004487 0
0000004488 0
0000004489 0
0000004490 0
0000004491 0
0000004492 0
0000004493 0
0000004494 0
0000004495 0
0000004496 0
0000004497 0
0000004498 0
0000004499 0
0000004500 0
0000004501 0
0000004502 0
0000004503 0
0000004504 0
0000004505 0
0000004506 0
0000004507 0
0000004508 0
0000004509 0
0000004510 0
0000004511 0
0000004512 0
0000004513 0
0000004514 0
0000004515 0
0000004516 0
0000004517 0
0000004518 0
0000004519 0
0000004520 0
0000004521 0
0000004522 0
0000004523 0
0000004524 0
0000004525 0
0000004526 0
0000004527 0
0000004528 0
0000004529 0
0000004530 0
0000004531 0
0000004532 0
0000004533 0
0000004534 0
0000004535 0
0000004536 0
0000004537 0
0000004538 0
0000004539 0
0000004540 0
0000004541 0
0000004542 0
0000004543 0
0000004544 0
0000004545 0
0000004546 0
0000004547 0
0000004548 0
0000004549 0
0000004550 0
0000004551 0
0000004552 0
0000004553 0
0000004554 0
0000004555 0
0000004556 0
0000004557 0
0000004558 0
0000004559 0
0000004560 0
0000004561 0
0000004562 0
0000004563 0
0000004564 0
0000004565 0
0000004566 0
0000004567 0
0000004568 0
0000004569 0
0000004570 0
0000004571 0
0000004572 0
0000004573 0
0000004574 0
0000004575 0
0000004576 0
0000004577 0
0000004578 0
0000004579 0
0000004580 0
0000004581 0
0000004582 0
0000004583 0
0000004584 0
0000004585 0
0000004586 0
0000004587 0
0000004588 0
0000004589 0
0000004590 0
0000004591 0
0000004592 0
0000004593 0
0000004594 0
0000004595 0
0000004596 0
0000004597 0
0000004598 0
0000004599 0
0000004600 0
0000004601 0
0000004602 0
0000004603 0
0000004604 0
0000004605 0
0000004606 0
0000004607 0
0000004608 0
0000004609 0
0000004610 0
0000004611 0
0000004612 0
0000004613 0
0000004614 0
0000004615 0
0000004616 0
0000004617 0
0000004618 0
0000004619 0
0000004620 0
0000004621 0
0000004622 0
0000004623 0
0000004624 0
0000004625 0
0000004626 0
0000004627 0
0000004628 0
0000004629 0
0000004630 0
0000004631 0
0000004632 0
0000004633 0
0000004634 0
0000004635 0
0000004636 0
0000004637 0
0000004638 0
0000004639 0
0000004640 0
0000004641 0
0000004642 0
0000004643 0
0000004644 0
0000004645 0
0000004646 0
0000004647 0
0000004648 0
0000004649 0
0000004650 0
0000004651 0
0000004652 0
0000004653 0
0000004654 0
0000004655 0
0000004656 0
0000004657 0
0000004658 0
0000004659 0
0000004660 0
0000004661 0
0000004662 0
0000004663 0
0000004664 0
0000004665 0
0000004666 0
0000004667 0
0000004668 0
0000004669 0
0000004670 0
0000004671 0
0000004672 0
0000004673 0
0000004674 0
0000004675 0
0000004676 0
0000004677 0
0000004678 0
0000004679 0
0000004680 0
0000004681 0
0000004682 0
0000004683 0
0000004684 0
0000004685 0
0000004686 0
0000004687 0
0000004688 0
0000004689 0
0000004690 0
0000004691 0
0000004692 0
0000004693 0
0000004694 0
0000004695 0
0000004696 0
0000004697 0
0000004698 0
0000004699 0
0000004700 0
0000004701 0
0000004702 0
0000004703 0
0000004704 0
0000004705 0
0000004706 0
0000004707 0
0000004708 0
0000004709 0
0000004710 0
0000004711 0
0000004712 0
0000004713 0
0000004714 0
0000004715 0
0000004716 0
0000004717 0
0000004718 0
0000004719 0
0000004720 0
0000004721 0
0000004722 0
0000004723 0
0000004724 0
0000004725 0
0000004726 0
0000004727 0
0000004728 0
0000004729 0
0000004730 0
0000004731 0
0000004732 0
0000004733 0
0000004734 0
0000004735 0
0000004736 0
0000004737 0
0000004738 0
0000004739 0
0000004740 0
0000004741 0
0000004742 0
0000004743 0
0000004744 0
0000004745 0
0000004746 0
0000004747 0
0000004748 0
0000004749 0
0000004750 0
0000004751 0
0000004752 0
0000004753 0
0000004754 0
0000004755 0
0000004756 0
0000004757 0
0000004758 0
0000004759 0
0000004760 0
0000004761 0
0000004762 0
0000004763 0
0000004764 0
0000004765 0
0000004766 0
0000004767 0
0000004768 0
0000004769 0
0000004770 0
0000004771 0
0000004772 0
0000004773 0
0000004774 0
0000004775 0
0000004776 0
0000004777 0
0000004778 0
0000004779 0
0000004780 0
0000004781 0
0000004782 0
0000004783 0
0000004784 0
0000004785 0
0000004786 0
0000004787 0
0000004788 0
0000004789 0
0000004790 0
0000004791 0
0000004792 0
0000004793 0
0000004794 0
0000004795 0
0000004796 0
0000004797 0
0000004798 0
0000004799 0
0000004800 0
0000004801 0
0000004802 0
0000004803 0
0000004804 0
0000004805 0
0000004806 0
0000004807 0
0000004808 0
0000004809 0
0000004810 0
0000004811 0
0000004812 0
0000004813 0
0000004814 0
0000004815 0
0000004816 0
0000004817 0
0000004818 0
0000004819 0
0000004820 0
0000004821 0
0000004822 0
0000004823 0
0000004824 0
0000004825 0
0000004826 0
0000004827 0
0000004828 0
0000004829 0
0000004830 0
0000004831 0
0000004832 0
0000004833 0
0000004834 0
0000004835 0
0000004836 0
0000004837 0
0000004838 0
0000004839 0
0000004840 0
0000004841 0
0000004842 0
0000004843 0
0000004844 0
0000004845 0
0000004846 0
0000004847 0
0000004848 0
0000004849 0
0000004850 0
0000004851 0
0000004852 0
0000004853 0
0000004854 0
0000004855 0
0000004856 0
0000004857 0
0000004858 0
0000004859 0
0000004860 0
0000004861 0
0000004862 0
0000004863 0
0000004864 0
0000004865 0
0000004866 0
0000004867 0
0000004868 0
0000004869 0
0000004870 0
0000004871 0
0000004872 0
0000004873 0
0000004874 0
0000004875 0
0000004876 0
0000004877 0
0000004878 0
0000004879 0
0000004880 0
0000004881 0
0000004882 0
0000004883 0
0000004884 0
0000004885 0
0000004886 0
0000004887 0
0000004888 0
0000004889 0
0000004890 0
0000004891 0
0000004892 0
0000004893 0
0000004894 0
0000004895 0
0000004896 0
0000004897 0
0000004898 0
0000004899 0
0000004900 0
0000004901 0
0000004902 0
0000004903 0
0000004904 0
0000004905 0
0000004906 0
0000004907 0
0000004908 0
0000004909 0
0000004910 0
0000004911 0
0000004912 0
0000004913 0
0000004914 0
0000004915 0
0000004916 0
0000004917 0
0000004918 0
0000004919 0
0000004920 0
0000004921 0
0000004922 0
0000004923 0
0000004924 0
0000004925 0
0000004926 0
0000004927 0
0000004928 0
0000004929 0
0000004930 0
0000004931 0
0000004932 0
0000004933 0
0000004934 0
0000004935 0
0000004936 0
0000004937 0
0000004938 0
0000004939 0
0000004940 0
0000004941 0
0000004942 0
0000004943 0
0000004944 0
0000004945 0
0000004946 0
0000004947 0
0000004948 0
0000004949 0
0000004950 0
0000004951 0
0000004952 0
0000004953 0
0000004954 0
0000004955 0
0000004956 0
0000004957 0
0000004958 0
0000004959 0
0000004960 0
0000004961 0
0000004962 0
0000004963 0
0000004964 0
0000004965 0
0000004966 0
0000004967 0
0000004968 0
0000004969 0
0000004970 0
0000004971 0
0000004972 0
0000004973 0
0000004974 0
0000004975 0
0000004976 0
0000004977 0
0000004978 0
0000004979 0
0000004980 0
0000004981 0
0000004982 0
0000004983 0
0000004984 0
0000004985 0
0000004986 0
0000004987 0
0000004988 0
0000004989 0
0000004990 0
0000004991 0
0000004992 0
0000004993 0
0000004994 0
0000004995 0
0000004996 0
0000004997 0
0000004998 0
0000004999 0
0000005000 0
0000005001 0
0000005002 0
0000005003 0
0000005004 0
0000005005 0
0000005006 0
0000005007 0
0000005008 0
0000005009 0
0000005010 0
0000005011 0
0000005012 0
0000005013 0
0000005014 0
0000005015 0
0000005016 0
0000005017 0
0000005018 0
0000005019 0
0000005020 0
0000005021 0
0000005022 0
0000005023 0
0000005024 0
0000005025 0
0000005026 0
0000005027 0
0000005028 0
0000005029 0
0000005030 0
0000005031 0
0000005032 0
0000005033 0
0000005034 0
0000005035 0
0000005036 0
0000005037 0
0000005038 0
0000005039 0
0000005040 0
0000005041 0
0000005042 0
0000005043 0
0000005044 0
0000005045 0
0000005046 0
0000005047 0
0000005048 0
0000005049 0
0000005050 0
0000005051 0
0000005052 0
0000005053 0
0000005054 0
0000005055 0
0000005056 0
0000005057 0
0000005058 0
0000005059 0
0000005060 0
0000005061 0
0000005062 0
0000005063 0
0000005064 0
0000005065 0
0000005066 0
0000005067 0
0000005068 0
0000005069 0
0000005070 0
0000005071 0
0000005072 0
0000005073 0
0000005074 0
0000005075 0
0000005076 0
0000005077 0
0000005078 0
0000005079 0
0000005080 0
0000005081 0
0000005082 0
0000005083 0
0000005084 0
0000005085 0
0000005086 0
0000005087 0
0000005088 0
0000005089 0
0000005090 0
0000005091 0
0000005092 0
0000005093 0
0000005094 0
0000005095 0
0000005096 0
0000005097 0
0000005098 0
0000005099 0
0000005100 0
0000005101 0
0000005102 0
0000005103 0
0000005104 0
0000005105 0
0000005106 0
0000005107 0
0000005108 0
0000005109 0
0000005110 0
0000005111 0
0000005112 0
0000005113 0
0000005114 0
0000005115 0
0000005116 0
0000005117 0
0000005118 0
0000005119 0
0000005120 0
0000005121 0
0000005122 0
0000005123 0
0000005124 0
0000005125 0
0000005126 0
0000005127 0
0000005128 0
0000005129 0
0000005130 0
0000005131 0
0000005132 0
0000005133 0
0000005134 0
0000005135 0
0000005136 0
0000005137 0
0000005138 0
0000005139 0
0000005140 0
0000005141 0
0000005142 0
0000005143 0
0000005144 0
0000005145 0
0000005146 0
0000005147 0
0000005148 0
0000005149 0
0000005150 0
0000005151 0
0000005152 0
0000005153 0
0000005154 0
0000005155 0
0000005156 0
0000005157 0
0000005158 0
0000005159 0
0000005160 0
0000005161 0
0000005162 0
0000005163 0
0000005164 0
0000005165 0
0000005166 0
0000005167 0
0000005168 0
0000005169 0
0000005170 0
0000005171 0
0000005172 0
0000005173 0
0000005174 0
0000005175 0
0000005176 0
0000005177 0
0000005178 0
0000005179 0
0000005180 0
0000005181 0
0000005182 0
0000005183 0
0000005184 0
0000005185 0
0000005186 0
0000005187 0
0000005188 0
0000005189 0
0000005190 0
0000005191 0
0000005192 0
0000005193 0
0000005194 0
0000005195 0
0000005196 0
0000005197 0
0000005198 0
0000005199 0
0000005200 0
0000005201 0
0000005202 0
0000005203 0
0000005204 0
0000005205 0
0000005206 0
0000005207 0
0000005208 0
0000005209 0
0000005210 0
0000005211 0
0000005212 0
