0000001 1
0000002 1
0000003 1
0000004 1
0000005 1
0000006 1
0000007 1
0000008 1
0000009 1
00000010 1
00000011 1
00000012 1
00000013 1
00000014 1
00000015 1
00000016 1
00000017 1
00000018 1
00000019 1
00000020 1
00000021 1
00000022 1
00000023 1
00000024 1
00000025 1
00000026 1
00000027 1
00000028 1
00000029 1
00000030 1
00000031 1
00000032 1
00000033 1
00000034 1
00000035 1
00000036 1
00000037 1
00000038 1
00000039 1
00000040 1
00000041 1
00000042 1
00000043 1
00000044 1
00000045 1
00000046 1
00000047 1
00000048 1
00000049 1
00000050 1
00000051 1
00000052 1
00000053 1
00000054 1
00000055 1
00000056 1
00000057 1
00000058 1
00000059 1
00000060 1
00000061 1
00000062 1
00000063 1
00000064 1
00000065 1
00000066 1
00000067 1
00000068 1
00000069 1
00000070 1
00000071 1
00000072 1
00000073 1
00000074 1
00000075 1
00000076 1
00000077 1
00000078 1
00000079 1
00000080 1
00000081 1
00000082 1
00000083 1
00000084 1
00000085 1
00000086 1
00000087 1
00000088 1
00000089 1
00000090 1
00000091 1
00000092 1
00000093 1
00000094 1
00000095 1
00000096 1
00000097 1
00000098 1
00000099 1
000000100 1
000000101 1
000000102 1
000000103 1
000000104 1
000000105 1
000000106 1
000000107 1
000000108 1
000000109 1
000000110 1
000000111 1
000000112 1
000000113 1
000000114 1
000000115 1
000000116 1
000000117 1
000000118 1
000000119 1
000000120 1
000000121 1
000000122 1
000000123 1
000000124 1
000000125 1
000000126 1
000000127 1
000000128 1
000000129 1
000000130 1
000000131 1
000000132 1
000000133 1
000000134 1
000000135 1
000000136 1
000000137 1
000000138 1
000000139 1
000000140 1
000000141 1
000000142 1
000000143 1
000000144 1
000000145 1
000000146 1
000000147 1
000000148 1
000000149 1
000000150 1
000000151 1
000000152 1
000000153 1
000000154 1
000000155 1
000000156 1
000000157 1
000000158 1
000000159 1
000000160 1
000000161 1
000000162 1
000000163 1
000000164 1
000000165 1
000000166 1
000000167 1
000000168 1
000000169 1
000000170 1
000000171 1
000000172 1
000000173 1
000000174 1
000000175 1
000000176 1
000000177 1
000000178 1
000000179 1
000000180 1
000000181 1
000000182 1
000000183 1
000000184 1
000000185 1
000000186 1
000000187 1
000000188 1
000000189 1
000000190 1
000000191 1
000000192 1
000000193 1
000000194 1
000000195 1
000000196 1
000000197 1
000000198 1
000000199 1
000000200 1
000000201 1
000000202 1
000000203 1
000000204 1
000000205 1
000000206 1
000000207 1
000000208 1
000000209 1
000000210 1
000000211 1
000000212 1
000000213 1
000000214 1
000000215 1
000000216 1
000000217 1
000000218 1
000000219 1
000000220 1
000000221 1
000000222 1
000000223 1
000000224 1
000000225 1
000000226 1
000000227 1
000000228 1
000000229 1
000000230 1
000000231 1
000000232 1
000000233 1
000000234 1
000000235 1
000000236 1
000000237 1
000000238 1
000000239 1
000000240 1
000000241 1
000000242 1
000000243 1
000000244 1
000000245 1
000000246 1
000000247 1
000000248 1
000000249 1
000000250 1
000000251 1
000000252 1
000000253 1
000000254 1
000000255 1
000000256 1
000000257 1
000000258 1
000000259 1
000000260 1
000000261 1
000000262 1
000000263 1
000000264 1
000000265 1
000000266 1
000000267 1
000000268 1
000000269 1
000000270 1
000000271 1
000000272 1
000000273 1
000000274 1
000000275 1
000000276 1
000000277 1
000000278 1
000000279 1
000000280 1
000000281 1
000000282 1
000000283 1
000000284 1
000000285 1
000000286 1
000000287 1
000000288 1
000000289 1
000000290 1
000000291 1
000000292 1
000000293 1
000000294 1
000000295 1
000000296 1
000000297 1
000000298 1
000000299 1
000000300 1
000000301 1
000000302 1
000000303 1
000000304 1
000000305 1
000000306 1
000000307 1
000000308 1
000000309 1
000000310 1
000000311 1
000000312 1
000000313 1
000000314 1
000000315 1
000000316 1
000000317 1
000000318 1
000000319 1
000000320 1
000000321 1
000000322 1
000000323 1
000000324 1
000000325 1
000000326 1
000000327 1
000000328 1
000000329 1
000000330 1
000000331 1
000000332 1
000000333 1
000000334 1
000000335 1
000000336 1
000000337 1
000000338 1
000000339 1
000000340 1
000000341 1
000000342 1
000000343 1
000000344 1
000000345 1
000000346 1
000000347 1
000000348 1
000000349 1
000000350 1
000000351 1
000000352 1
000000353 1
000000354 1
000000355 1
000000356 1
000000357 1
000000358 1
000000359 1
000000360 1
000000361 1
000000362 1
000000363 1
000000364 1
000000365 1
000000366 1
000000367 1
000000368 1
000000369 1
000000370 1
000000371 1
000000372 1
000000373 1
000000374 1
000000375 1
000000376 1
000000377 1
000000378 1
000000379 1
000000380 1
000000381 1
000000382 1
000000383 1
000000384 1
000000385 1
000000386 1
000000387 1
000000388 1
000000389 1
000000390 1
000000391 1
000000392 1
000000393 1
000000394 1
000000395 1
000000396 1
000000397 1
000000398 1
000000399 1
000000400 1
000000401 1
000000402 1
000000403 1
000000404 1
000000405 1
000000406 1
000000407 1
000000408 1
000000409 1
000000410 1
000000411 1
000000412 1
000000413 1
000000414 1
000000415 1
000000416 1
000000417 1
000000418 1
000000419 1
000000420 1
000000421 1
000000422 1
000000423 1
000000424 1
000000425 1
000000426 1
000000427 1
000000428 1
000000429 1
000000430 1
000000431 1
000000432 1
000000433 1
000000434 1
000000435 1
000000436 1
000000437 1
000000438 1
000000439 1
000000440 1
000000441 1
000000442 1
000000443 1
000000444 1
000000445 1
000000446 1
000000447 1
000000448 1
000000449 1
000000450 1
000000451 1
000000452 1
000000453 1
000000454 1
000000455 1
000000456 1
000000457 1
000000458 1
000000459 1
000000460 1
000000461 1
000000462 1
000000463 1
000000464 1
000000465 1
000000466 1
000000467 1
000000468 1
000000469 1
000000470 1
000000471 1
000000472 1
000000473 1
000000474 1
000000475 1
000000476 1
000000477 1
000000478 1
000000479 1
000000480 1
000000481 1
000000482 1
000000483 1
000000484 1
000000485 1
000000486 1
000000487 1
000000488 1
000000489 1
000000490 1
000000491 1
000000492 1
000000493 1
000000494 1
000000495 1
000000496 1
000000497 1
000000498 1
000000499 1
000000500 1
000000501 1
000000502 1
000000503 1
000000504 1
000000505 1
000000506 1
000000507 1
000000508 1
000000509 1
000000510 1
000000511 1
000000512 1
000000513 1
000000514 1
000000515 1
000000516 1
000000517 1
000000518 1
000000519 1
000000520 1
000000521 1
000000522 1
000000523 1
000000524 1
000000525 1
000000526 1
000000527 1
000000528 1
000000529 1
000000530 1
000000531 1
000000532 1
000000533 1
000000534 1
000000535 1
000000536 1
000000537 1
000000538 1
000000539 1
000000540 1
000000541 1
000000542 1
000000543 1
000000544 1
000000545 1
000000546 1
000000547 1
000000548 1
000000549 1
000000550 1
000000551 1
000000552 1
000000553 1
000000554 1
000000555 1
000000556 1
000000557 1
000000558 1
000000559 1
000000560 1
000000561 1
000000562 1
000000563 1
000000564 1
000000565 1
000000566 1
000000567 1
000000568 1
000000569 1
000000570 1
000000571 1
000000572 1
000000573 1
000000574 1
000000575 1
000000576 1
000000577 1
000000578 1
000000579 1
000000580 1
000000581 1
000000582 1
000000583 1
000000584 1
000000585 1
000000586 1
000000587 1
000000588 1
000000589 1
000000590 1
000000591 1
000000592 1
000000593 1
000000594 1
000000595 1
000000596 1
000000597 1
000000598 1
000000599 1
000000600 1
000000601 1
000000602 1
000000603 1
000000604 1
000000605 1
000000606 1
000000607 1
000000608 1
000000609 1
000000610 1
000000611 1
000000612 1
000000613 1
000000614 1
000000615 1
000000616 1
000000617 1
000000618 1
000000619 1
000000620 1
000000621 1
000000622 1
000000623 1
000000624 1
000000625 1
000000626 1
000000627 1
000000628 1
000000629 1
000000630 1
000000631 1
000000632 1
000000633 1
000000634 1
000000635 1
000000636 1
000000637 1
000000638 1
000000639 1
000000640 1
000000641 1
000000642 1
000000643 1
000000644 1
000000645 1
000000646 1
000000647 1
000000648 1
000000649 1
000000650 1
000000651 1
000000652 1
000000653 1
000000654 1
000000655 1
000000656 1
000000657 1
000000658 1
000000659 1
000000660 1
000000661 1
000000662 1
000000663 1
000000664 1
000000665 1
000000666 1
000000667 1
000000668 1
000000669 1
000000670 1
000000671 1
000000672 1
000000673 1
000000674 1
000000675 1
000000676 1
000000677 1
000000678 1
000000679 1
000000680 1
000000681 1
000000682 1
000000683 1
000000684 1
000000685 1
000000686 1
000000687 1
000000688 1
000000689 1
000000690 1
000000691 1
000000692 1
000000693 1
000000694 1
000000695 1
000000696 1
000000697 1
000000698 1
000000699 1
000000700 1
000000701 1
000000702 1
000000703 1
000000704 1
000000705 1
000000706 1
000000707 1
000000708 1
000000709 1
000000710 1
000000711 1
000000712 1
000000713 1
000000714 1
000000715 1
000000716 1
000000717 1
000000718 1
000000719 1
000000720 1
000000721 1
000000722 1
000000723 1
000000724 1
000000725 1
000000726 1
000000727 1
000000728 1
000000729 1
000000730 1
000000731 1
000000732 1
000000733 1
000000734 1
000000735 1
000000736 1
000000737 1
000000738 1
000000739 1
000000740 1
000000741 1
000000742 1
000000743 1
000000744 1
000000745 1
000000746 1
000000747 1
000000748 1
000000749 1
000000750 1
000000751 1
000000752 1
000000753 1
000000754 1
000000755 1
000000756 1
000000757 1
000000758 1
000000759 1
000000760 1
000000761 1
000000762 1
000000763 1
000000764 1
000000765 1
000000766 1
000000767 1
000000768 1
000000769 1
000000770 1
000000771 1
000000772 1
000000773 1
000000774 1
000000775 1
000000776 1
000000777 1
000000778 1
000000779 1
000000780 1
000000781 1
000000782 1
000000783 1
000000784 1
000000785 1
000000786 1
000000787 1
000000788 1
000000789 1
000000790 1
000000791 1
000000792 1
000000793 1
000000794 1
000000795 1
000000796 1
000000797 1
000000798 1
000000799 1
000000800 1
000000801 1
000000802 1
000000803 1
000000804 1
000000805 1
000000806 1
000000807 1
000000808 1
000000809 1
000000810 1
000000811 1
000000812 1
000000813 1
000000814 1
000000815 1
000000816 1
000000817 1
000000818 1
000000819 1
000000820 1
000000821 1
000000822 1
000000823 1
000000824 1
000000825 1
000000826 1
000000827 1
000000828 1
000000829 1
000000830 1
000000831 1
000000832 1
000000833 1
000000834 1
000000835 1
000000836 1
000000837 1
000000838 1
000000839 1
000000840 1
000000841 1
000000842 1
000000843 1
000000844 1
000000845 1
000000846 1
000000847 1
000000848 1
000000849 1
000000850 1
000000851 1
000000852 1
000000853 1
000000854 1
000000855 1
000000856 1
000000857 1
000000858 1
000000859 1
000000860 1
000000861 1
000000862 1
000000863 1
000000864 1
000000865 1
000000866 1
000000867 1
000000868 1
000000869 1
000000870 1
000000871 1
000000872 1
000000873 1
000000874 1
000000875 1
000000876 1
000000877 1
000000878 1
000000879 1
000000880 1
000000881 1
000000882 1
000000883 1
000000884 1
000000885 1
000000886 1
000000887 1
000000888 1
000000889 1
000000890 1
000000891 1
000000892 1
000000893 1
000000894 1
000000895 1
000000896 1
000000897 1
000000898 1
000000899 1
000000900 1
000000901 1
000000902 1
000000903 1
000000904 1
000000905 1
000000906 1
000000907 1
000000908 1
000000909 1
000000910 1
000000911 1
000000912 1
000000913 1
000000914 1
000000915 1
000000916 1
000000917 1
000000918 1
000000919 1
000000920 1
000000921 1
000000922 1
000000923 1
000000924 1
000000925 1
000000926 1
000000927 1
000000928 1
000000929 1
000000930 1
000000931 1
000000932 1
000000933 1
000000934 1
000000935 1
000000936 1
000000937 1
000000938 1
000000939 1
000000940 1
000000941 1
000000942 1
000000943 1
000000944 1
000000945 1
000000946 1
000000947 1
000000948 1
000000949 1
000000950 1
000000951 1
000000952 1
000000953 1
000000954 1
000000955 1
000000956 1
000000957 1
000000958 1
000000959 1
000000960 1
000000961 1
000000962 1
000000963 1
000000964 1
000000965 1
000000966 1
000000967 1
000000968 1
000000969 1
000000970 1
000000971 1
000000972 1
000000973 1
000000974 1
000000975 1
000000976 1
000000977 1
000000978 1
000000979 1
000000980 1
000000981 1
000000982 1
000000983 1
000000984 1
000000985 1
000000986 1
000000987 1
000000988 1
000000989 1
000000990 1
000000991 1
000000992 1
000000993 1
000000994 1
000000995 1
000000996 1
000000997 1
000000998 1
000000999 1
0000001000 1
0000001001 1
0000001002 1
0000001003 1
0000001004 1
0000001005 1
0000001006 1
0000001007 1
0000001008 1
0000001009 1
0000001010 1
0000001011 1
0000001012 1
0000001013 1
0000001014 1
0000001015 1
0000001016 1
0000001017 1
0000001018 1
0000001019 1
0000001020 1
0000001021 1
0000001022 1
0000001023 1
0000001024 1
0000001025 1
0000001026 1
0000001027 1
0000001028 1
0000001029 1
0000001030 1
0000001031 1
0000001032 1
0000001033 1
0000001034 1
0000001035 1
0000001036 1
0000001037 1
0000001038 1
0000001039 1
0000001040 1
0000001041 1
0000001042 1
0000001043 1
0000001044 1
0000001045 1
0000001046 1
0000001047 1
0000001048 1
0000001049 1
0000001050 1
0000001051 1
0000001052 1
0000001053 1
0000001054 1
0000001055 1
0000001056 1
0000001057 1
0000001058 1
0000001059 1
0000001060 1
0000001061 1
0000001062 1
0000001063 1
0000001064 1
0000001065 1
0000001066 1
0000001067 1
0000001068 1
0000001069 1
0000001070 1
0000001071 1
0000001072 1
0000001073 1
0000001074 1
0000001075 1
0000001076 1
0000001077 1
0000001078 1
0000001079 1
0000001080 1
0000001081 1
0000001082 1
0000001083 1
0000001084 1
0000001085 1
0000001086 1
0000001087 1
0000001088 1
0000001089 1
0000001090 1
0000001091 1
0000001092 1
0000001093 1
0000001094 1
0000001095 1
0000001096 1
0000001097 1
0000001098 1
0000001099 1
0000001100 1
0000001101 1
0000001102 1
0000001103 1
0000001104 1
0000001105 1
0000001106 1
0000001107 1
0000001108 1
0000001109 1
0000001110 1
0000001111 1
0000001112 1
0000001113 1
0000001114 1
0000001115 1
0000001116 1
0000001117 1
0000001118 1
0000001119 1
0000001120 1
0000001121 1
0000001122 1
0000001123 1
0000001124 1
0000001125 1
0000001126 1
0000001127 1
0000001128 1
0000001129 1
0000001130 1
0000001131 1
0000001132 1
0000001133 1
0000001134 1
0000001135 1
0000001136 1
0000001137 1
0000001138 1
0000001139 1
0000001140 1
0000001141 1
0000001142 1
0000001143 1
0000001144 1
0000001145 1
0000001146 1
0000001147 1
0000001148 1
0000001149 1
0000001150 1
0000001151 1
0000001152 1
0000001153 1
0000001154 1
0000001155 1
0000001156 1
0000001157 1
0000001158 1
0000001159 1
0000001160 1
0000001161 1
0000001162 1
0000001163 1
0000001164 1
0000001165 1
0000001166 1
0000001167 1
0000001168 1
0000001169 1
0000001170 1
0000001171 1
0000001172 1
0000001173 1
0000001174 1
0000001175 1
0000001176 1
0000001177 1
0000001178 1
0000001179 1
0000001180 1
0000001181 1
0000001182 1
0000001183 1
0000001184 1
0000001185 1
0000001186 1
0000001187 1
0000001188 1
0000001189 1
0000001190 1
0000001191 1
0000001192 1
0000001193 1
0000001194 1
0000001195 1
0000001196 1
0000001197 1
0000001198 1
0000001199 1
0000001200 1
0000001201 1
0000001202 1
0000001203 1
0000001204 1
0000001205 1
0000001206 1
0000001207 1
0000001208 1
0000001209 1
0000001210 1
0000001211 1
0000001212 1
0000001213 1
0000001214 1
0000001215 1
0000001216 1
0000001217 1
0000001218 1
0000001219 1
0000001220 1
0000001221 1
0000001222 1
0000001223 1
0000001224 1
0000001225 1
0000001226 1
0000001227 1
0000001228 1
0000001229 1
0000001230 1
0000001231 1
0000001232 1
0000001233 1
0000001234 1
0000001235 1
0000001236 1
0000001237 1
0000001238 1
0000001239 1
0000001240 1
0000001241 1
0000001242 1
0000001243 1
0000001244 1
0000001245 1
0000001246 1
0000001247 1
0000001248 1
0000001249 1
0000001250 1
0000001251 1
0000001252 1
0000001253 1
0000001254 1
0000001255 1
0000001256 1
0000001257 1
0000001258 1
0000001259 1
0000001260 1
0000001261 1
0000001262 1
0000001263 1
0000001264 1
0000001265 1
0000001266 1
0000001267 1
0000001268 1
0000001269 1
0000001270 1
0000001271 1
0000001272 1
0000001273 1
0000001274 1
0000001275 1
0000001276 1
0000001277 1
0000001278 1
0000001279 1
0000001280 1
0000001281 1
0000001282 1
0000001283 1
0000001284 1
0000001285 1
0000001286 1
0000001287 1
0000001288 1
0000001289 1
0000001290 1
0000001291 1
0000001292 1
0000001293 1
0000001294 1
0000001295 1
0000001296 1
0000001297 1
0000001298 1
0000001299 1
0000001300 1
0000001301 1
0000001302 1
0000001303 1
0000001304 1
0000001305 1
0000001306 1
0000001307 1
0000001308 1
0000001309 1
0000001310 1
0000001311 1
0000001312 1
0000001313 1
0000001314 1
0000001315 1
0000001316 1
0000001317 1
0000001318 1
0000001319 1
0000001320 1
0000001321 1
0000001322 1
0000001323 1
0000001324 1
0000001325 1
0000001326 1
0000001327 1
0000001328 1
0000001329 1
0000001330 1
0000001331 1
0000001332 1
0000001333 1
0000001334 1
0000001335 1
0000001336 1
0000001337 1
0000001338 1
0000001339 1
0000001340 1
0000001341 1
0000001342 1
0000001343 1
0000001344 1
0000001345 1
0000001346 1
0000001347 1
0000001348 1
0000001349 1
0000001350 1
0000001351 1
0000001352 1
0000001353 1
0000001354 1
0000001355 1
0000001356 1
0000001357 1
0000001358 1
0000001359 1
0000001360 1
0000001361 1
0000001362 1
0000001363 1
0000001364 1
0000001365 1
0000001366 1
0000001367 1
0000001368 1
0000001369 1
0000001370 1
0000001371 1
0000001372 1
0000001373 1
0000001374 1
0000001375 1
0000001376 1
0000001377 1
0000001378 1
0000001379 1
0000001380 1
0000001381 1
0000001382 1
0000001383 1
0000001384 1
0000001385 1
0000001386 1
0000001387 1
0000001388 1
0000001389 1
0000001390 1
0000001391 1
0000001392 1
0000001393 1
0000001394 1
0000001395 1
0000001396 1
0000001397 1
0000001398 1
0000001399 1
0000001400 1
0000001401 1
0000001402 1
0000001403 1
0000001404 1
0000001405 1
0000001406 1
0000001407 1
0000001408 1
0000001409 1
0000001410 1
0000001411 1
0000001412 1
0000001413 1
0000001414 1
0000001415 1
0000001416 1
0000001417 1
0000001418 1
0000001419 1
0000001420 1
0000001421 1
0000001422 1
0000001423 1
0000001424 1
0000001425 1
0000001426 1
0000001427 1
0000001428 1
0000001429 1
0000001430 1
0000001431 1
0000001432 1
0000001433 1
0000001434 1
0000001435 1
0000001436 1
0000001437 1
0000001438 1
0000001439 1
0000001440 1
0000001441 1
0000001442 1
0000001443 1
0000001444 1
0000001445 1
0000001446 1
0000001447 1
0000001448 1
0000001449 1
0000001450 1
0000001451 1
0000001452 1
0000001453 0
0000001454 0
0000001455 0
0000001456 0
0000001457 0
0000001458 0
0000001459 0
0000001460 0
0000001461 0
0000001462 0
0000001463 0
0000001464 0
0000001465 0
0000001466 0
0000001467 0
0000001468 0
0000001469 0
0000001470 0
0000001471 0
0000001472 0
0000001473 0
0000001474 0
0000001475 0
0000001476 0
0000001477 0
0000001478 0
0000001479 0
0000001480 0
0000001481 0
0000001482 0
0000001483 0
0000001484 0
0000001485 0
0000001486 0
0000001487 0
0000001488 0
0000001489 0
0000001490 0
0000001491 0
0000001492 0
0000001493 0
0000001494 0
0000001495 0
0000001496 0
0000001497 0
0000001498 0
0000001499 0
0000001500 0
0000001501 0
0000001502 0
0000001503 0
0000001504 0
0000001505 0
0000001506 0
0000001507 0
0000001508 0
0000001509 0
0000001510 0
0000001511 0
0000001512 0
0000001513 0
0000001514 0
0000001515 0
0000001516 0
0000001517 0
0000001518 0
0000001519 0
0000001520 0
0000001521 0
0000001522 0
0000001523 0
0000001524 0
0000001525 0
0000001526 0
0000001527 0
0000001528 0
0000001529 0
0000001530 0
0000001531 0
0000001532 0
0000001533 0
0000001534 0
0000001535 0
0000001536 0
0000001537 0
0000001538 0
0000001539 0
0000001540 0
0000001541 0
0000001542 0
0000001543 0
0000001544 0
0000001545 0
0000001546 0
0000001547 0
0000001548 0
0000001549 0
0000001550 0
0000001551 0
0000001552 0
0000001553 0
0000001554 0
0000001555 0
0000001556 0
0000001557 0
0000001558 0
0000001559 0
0000001560 0
0000001561 0
0000001562 0
0000001563 0
0000001564 0
0000001565 0
0000001566 0
0000001567 0
0000001568 0
0000001569 0
0000001570 0
0000001571 0
0000001572 0
0000001573 0
0000001574 0
0000001575 0
0000001576 0
0000001577 0
0000001578 0
0000001579 0
0000001580 0
0000001581 0
0000001582 0
0000001583 0
0000001584 0
0000001585 0
0000001586 0
0000001587 0
0000001588 0
0000001589 0
0000001590 0
0000001591 0
0000001592 0
0000001593 0
0000001594 0
0000001595 0
0000001596 0
0000001597 0
0000001598 0
0000001599 0
0000001600 0
0000001601 0
0000001602 0
0000001603 0
0000001604 0
0000001605 0
0000001606 0
0000001607 0
0000001608 0
0000001609 0
0000001610 0
0000001611 0
0000001612 0
0000001613 0
0000001614 0
0000001615 0
0000001616 0
0000001617 0
0000001618 0
0000001619 0
0000001620 0
0000001621 0
0000001622 0
0000001623 0
0000001624 0
0000001625 0
0000001626 0
0000001627 0
0000001628 0
0000001629 0
0000001630 0
0000001631 0
0000001632 0
0000001633 0
0000001634 0
0000001635 0
0000001636 0
0000001637 0
0000001638 0
0000001639 0
0000001640 0
0000001641 0
0000001642 0
0000001643 0
0000001644 0
0000001645 0
0000001646 0
0000001647 0
0000001648 0
0000001649 0
0000001650 0
0000001651 0
0000001652 0
0000001653 0
0000001654 0
0000001655 0
0000001656 0
0000001657 0
0000001658 0
0000001659 0
0000001660 0
0000001661 0
0000001662 0
0000001663 0
0000001664 0
0000001665 0
0000001666 0
0000001667 0
0000001668 0
0000001669 0
0000001670 0
0000001671 0
0000001672 0
0000001673 0
0000001674 0
0000001675 0
0000001676 0
0000001677 0
0000001678 0
0000001679 0
0000001680 0
0000001681 0
0000001682 0
0000001683 0
0000001684 0
0000001685 0
0000001686 0
0000001687 0
0000001688 0
0000001689 0
0000001690 0
0000001691 0
0000001692 0
0000001693 0
0000001694 0
0000001695 0
0000001696 0
0000001697 0
0000001698 0
0000001699 0
0000001700 0
0000001701 0
0000001702 0
0000001703 0
0000001704 0
0000001705 0
0000001706 0
0000001707 0
0000001708 0
0000001709 0
0000001710 0
0000001711 0
0000001712 0
0000001713 0
0000001714 0
0000001715 0
0000001716 0
0000001717 0
0000001718 0
0000001719 0
0000001720 0
0000001721 0
0000001722 0
0000001723 0
0000001724 0
0000001725 0
0000001726 0
0000001727 0
0000001728 0
0000001729 0
0000001730 0
0000001731 0
0000001732 0
0000001733 0
0000001734 0
0000001735 0
0000001736 0
0000001737 0
0000001738 0
0000001739 0
0000001740 0
0000001741 0
0000001742 0
0000001743 0
0000001744 0
0000001745 0
0000001746 0
0000001747 0
0000001748 0
0000001749 0
0000001750 0
0000001751 0
0000001752 0
0000001753 0
0000001754 0
0000001755 0
0000001756 0
0000001757 0
0000001758 0
0000001759 0
0000001760 0
0000001761 0
0000001762 0
0000001763 0
0000001764 0
0000001765 0
0000001766 0
0000001767 0
0000001768 0
0000001769 0
0000001770 0
0000001771 0
0000001772 0
0000001773 0
0000001774 0
0000001775 0
0000001776 0
0000001777 0
0000001778 0
0000001779 0
0000001780 0
0000001781 0
0000001782 0
0000001783 0
0000001784 0
0000001785 0
0000001786 0
0000001787 0
0000001788 0
0000001789 0
0000001790 0
0000001791 0
0000001792 0
0000001793 0
0000001794 0
0000001795 0
0000001796 0
0000001797 0
0000001798 0
0000001799 0
0000001800 0
0000001801 0
0000001802 0
0000001803 0
0000001804 0
0000001805 0
0000001806 0
0000001807 0
0000001808 0
0000001809 0
0000001810 0
0000001811 0
0000001812 0
0000001813 0
0000001814 0
0000001815 0
0000001816 0
0000001817 0
0000001818 0
0000001819 0
0000001820 0
0000001821 0
0000001822 0
0000001823 0
0000001824 0
0000001825 0
0000001826 0
0000001827 0
0000001828 0
0000001829 0
0000001830 0
0000001831 0
0000001832 0
0000001833 0
0000001834 0
0000001835 0
0000001836 0
0000001837 0
0000001838 0
0000001839 0
0000001840 0
0000001841 0
0000001842 0
0000001843 0
0000001844 0
0000001845 0
0000001846 0
0000001847 0
0000001848 0
0000001849 0
0000001850 0
0000001851 0
0000001852 0
0000001853 0
0000001854 0
0000001855 0
0000001856 0
0000001857 0
0000001858 0
0000001859 0
0000001860 0
0000001861 0
0000001862 0
0000001863 0
0000001864 0
0000001865 0
0000001866 0
0000001867 0
0000001868 0
0000001869 0
0000001870 0
0000001871 0
0000001872 0
0000001873 0
0000001874 0
0000001875 0
0000001876 0
0000001877 0
0000001878 0
0000001879 0
0000001880 0
0000001881 0
0000001882 0
0000001883 0
0000001884 0
0000001885 0
0000001886 0
0000001887 0
0000001888 0
0000001889 0
0000001890 0
0000001891 0
0000001892 0
0000001893 0
0000001894 0
0000001895 0
0000001896 0
0000001897 0
0000001898 0
0000001899 0
0000001900 0
0000001901 0
0000001902 0
0000001903 0
0000001904 0
0000001905 0
0000001906 0
0000001907 0
0000001908 0
0000001909 0
0000001910 0
0000001911 0
0000001912 0
0000001913 0
0000001914 0
0000001915 0
0000001916 0
0000001917 0
0000001918 0
0000001919 0
0000001920 0
0000001921 0
0000001922 0
0000001923 0
0000001924 0
0000001925 0
0000001926 0
0000001927 0
0000001928 0
0000001929 0
0000001930 0
0000001931 0
0000001932 0
0000001933 0
0000001934 0
0000001935 0
0000001936 0
0000001937 0
0000001938 0
0000001939 0
0000001940 0
0000001941 0
0000001942 0
0000001943 0
0000001944 0
0000001945 0
0000001946 0
0000001947 0
0000001948 0
0000001949 0
0000001950 0
0000001951 0
0000001952 0
0000001953 0
0000001954 0
0000001955 0
0000001956 0
0000001957 0
0000001958 0
0000001959 0
0000001960 0
0000001961 0
0000001962 0
0000001963 0
0000001964 0
0000001965 0
0000001966 0
0000001967 0
0000001968 0
0000001969 0
0000001970 0
0000001971 0
0000001972 0
0000001973 0
0000001974 0
0000001975 0
0000001976 0
0000001977 0
0000001978 0
0000001979 0
0000001980 0
0000001981 0
0000001982 0
0000001983 0
0000001984 0
0000001985 0
0000001986 0
0000001987 0
0000001988 0
0000001989 0
0000001990 0
0000001991 0
0000001992 0
0000001993 0
0000001994 0
0000001995 0
0000001996 0
0000001997 0
0000001998 0
0000001999 0
0000002000 0
0000002001 0
0000002002 0
0000002003 0
0000002004 0
0000002005 0
0000002006 0
0000002007 0
0000002008 0
0000002009 0
0000002010 0
0000002011 0
0000002012 0
0000002013 0
0000002014 0
0000002015 0
0000002016 0
0000002017 0
0000002018 0
0000002019 0
0000002020 0
0000002021 0
0000002022 0
0000002023 0
0000002024 0
0000002025 0
0000002026 0
0000002027 0
0000002028 0
0000002029 0
0000002030 0
0000002031 0
0000002032 0
0000002033 0
0000002034 0
0000002035 0
0000002036 0
0000002037 0
0000002038 0
0000002039 0
0000002040 0
0000002041 0
0000002042 0
0000002043 0
0000002044 0
0000002045 0
0000002046 0
0000002047 0
0000002048 0
0000002049 0
0000002050 0
0000002051 0
0000002052 0
0000002053 0
0000002054 0
0000002055 0
0000002056 0
0000002057 0
0000002058 0
0000002059 0
0000002060 0
0000002061 0
0000002062 0
0000002063 0
0000002064 0
0000002065 0
0000002066 0
0000002067 0
0000002068 0
0000002069 0
0000002070 0
0000002071 0
0000002072 0
0000002073 0
0000002074 0
0000002075 0
0000002076 0
0000002077 0
0000002078 0
0000002079 0
0000002080 0
0000002081 0
0000002082 0
0000002083 0
0000002084 0
0000002085 0
0000002086 0
0000002087 0
0000002088 0
0000002089 0
0000002090 0
0000002091 0
0000002092 0
0000002093 0
0000002094 0
0000002095 0
0000002096 0
0000002097 0
0000002098 0
0000002099 0
0000002100 0
0000002101 0
0000002102 0
0000002103 0
0000002104 0
0000002105 0
0000002106 0
0000002107 0
0000002108 0
0000002109 0
0000002110 0
0000002111 0
0000002112 0
0000002113 0
0000002114 0
0000002115 0
0000002116 0
0000002117 0
0000002118 0
0000002119 0
0000002120 0
0000002121 0
0000002122 0
0000002123 0
0000002124 0
0000002125 0
0000002126 0
0000002127 0
0000002128 0
0000002129 0
0000002130 0
0000002131 0
0000002132 0
0000002133 0
0000002134 0
0000002135 0
0000002136 0
0000002137 0
0000002138 0
0000002139 0
0000002140 0
0000002141 0
0000002142 0
0000002143 0
0000002144 0
0000002145 0
0000002146 0
0000002147 0
0000002148 0
0000002149 0
0000002150 0
0000002151 0
0000002152 0
0000002153 0
0000002154 0
0000002155 0
0000002156 0
0000002157 0
0000002158 0
0000002159 0
0000002160 0
0000002161 0
0000002162 0
0000002163 0
0000002164 0
0000002165 0
0000002166 0
0000002167 0
0000002168 0
0000002169 0
0000002170 0
0000002171 0
0000002172 0
0000002173 0
0000002174 0
0000002175 0
0000002176 0
0000002177 0
0000002178 0
0000002179 0
0000002180 0
0000002181 0
0000002182 0
0000002183 0
0000002184 0
0000002185 0
0000002186 0
0000002187 0
0000002188 0
0000002189 0
0000002190 0
0000002191 0
0000002192 0
0000002193 0
0000002194 0
0000002195 0
0000002196 0
0000002197 0
0000002198 0
0000002199 0
0000002200 0
0000002201 0
0000002202 0
0000002203 0
0000002204 0
0000002205 0
0000002206 0
0000002207 0
0000002208 0
0000002209 0
0000002210 0
0000002211 0
0000002212 0
0000002213 0
0000002214 0
0000002215 0
0000002216 0
0000002217 0
0000002218 0
0000002219 0
0000002220 0
0000002221 0
0000002222 0
0000002223 0
0000002224 0
0000002225 0
0000002226 0
0000002227 0
0000002228 0
0000002229 0
0000002230 0
0000002231 0
0000002232 0
0000002233 0
0000002234 0
0000002235 0
0000002236 0
0000002237 0
0000002238 0
0000002239 0
0000002240 0
0000002241 0
0000002242 0
0000002243 0
0000002244 0
0000002245 0
0000002246 0
0000002247 0
0000002248 0
0000002249 0
0000002250 0
0000002251 0
0000002252 0
0000002253 0
0000002254 0
0000002255 0
0000002256 0
0000002257 0
0000002258 0
0000002259 0
0000002260 0
0000002261 0
0000002262 0
0000002263 0
0000002264 0
0000002265 0
0000002266 0
0000002267 0
0000002268 0
0000002269 0
0000002270 0
0000002271 0
0000002272 0
0000002273 0
0000002274 0
0000002275 0
0000002276 0
0000002277 0
0000002278 0
0000002279 0
0000002280 0
0000002281 0
0000002282 0
0000002283 0
0000002284 0
0000002285 0
0000002286 0
0000002287 0
0000002288 0
0000002289 0
0000002290 0
0000002291 0
0000002292 0
0000002293 0
0000002294 0
0000002295 0
0000002296 0
0000002297 0
0000002298 0
0000002299 0
0000002300 0
0000002301 0
0000002302 0
0000002303 0
0000002304 0
0000002305 0
0000002306 0
0000002307 0
0000002308 0
0000002309 0
0000002310 0
0000002311 0
0000002312 0
0000002313 0
0000002314 0
0000002315 0
0000002316 0
0000002317 0
0000002318 0
0000002319 0
0000002320 0
0000002321 0
0000002322 0
0000002323 0
0000002324 0
0000002325 0
0000002326 0
0000002327 0
0000002328 0
0000002329 0
0000002330 0
0000002331 0
0000002332 0
0000002333 0
0000002334 0
0000002335 0
0000002336 0
0000002337 0
0000002338 0
0000002339 0
0000002340 0
0000002341 0
0000002342 0
0000002343 0
0000002344 0
0000002345 0
0000002346 0
0000002347 0
0000002348 0
0000002349 0
0000002350 0
0000002351 0
0000002352 0
0000002353 0
0000002354 0
0000002355 0
0000002356 0
0000002357 0
0000002358 0
0000002359 0
0000002360 0
0000002361 0
0000002362 0
0000002363 0
0000002364 0
0000002365 0
0000002366 0
0000002367 0
0000002368 0
0000002369 0
0000002370 0
0000002371 0
0000002372 0
0000002373 0
0000002374 0
0000002375 0
0000002376 0
0000002377 0
0000002378 0
0000002379 0
0000002380 0
0000002381 0
0000002382 0
0000002383 0
0000002384 0
0000002385 0
0000002386 0
0000002387 0
0000002388 0
0000002389 0
0000002390 0
0000002391 0
0000002392 0
0000002393 0
0000002394 0
0000002395 0
0000002396 0
0000002397 0
0000002398 0
0000002399 0
0000002400 0
0000002401 0
0000002402 0
0000002403 0
0000002404 0
0000002405 0
0000002406 0
0000002407 0
0000002408 0
0000002409 0
0000002410 0
0000002411 0
0000002412 0
0000002413 0
0000002414 0
0000002415 0
0000002416 0
0000002417 0
0000002418 0
0000002419 0
0000002420 0
0000002421 0
0000002422 0
0000002423 0
0000002424 0
0000002425 0
0000002426 0
0000002427 0
0000002428 0
0000002429 0
0000002430 0
0000002431 0
0000002432 0
0000002433 0
0000002434 0
0000002435 0
0000002436 0
0000002437 0
0000002438 0
0000002439 0
0000002440 0
0000002441 0
0000002442 0
0000002443 0
0000002444 0
0000002445 0
0000002446 0
0000002447 0
0000002448 0
0000002449 0
0000002450 0
0000002451 0
0000002452 0
0000002453 0
0000002454 0
0000002455 0
0000002456 0
0000002457 0
0000002458 0
0000002459 0
0000002460 0
0000002461 0
0000002462 0
0000002463 0
0000002464 0
0000002465 0
0000002466 0
0000002467 0
0000002468 0
0000002469 0
0000002470 0
0000002471 0
0000002472 0
0000002473 0
0000002474 0
0000002475 0
0000002476 0
0000002477 0
0000002478 0
0000002479 0
0000002480 0
0000002481 0
0000002482 0
0000002483 0
0000002484 0
0000002485 0
0000002486 0
0000002487 0
0000002488 0
0000002489 0
0000002490 0
0000002491 0
0000002492 0
0000002493 0
0000002494 0
0000002495 0
0000002496 0
0000002497 0
0000002498 0
0000002499 0
0000002500 0
0000002501 0
0000002502 0
0000002503 0
0000002504 0
0000002505 0
0000002506 0
0000002507 0
0000002508 0
0000002509 0
0000002510 0
0000002511 0
0000002512 0
0000002513 0
0000002514 0
0000002515 0
0000002516 0
0000002517 0
0000002518 0
0000002519 0
0000002520 0
0000002521 0
0000002522 0
0000002523 0
0000002524 0
0000002525 0
0000002526 0
0000002527 0
0000002528 0
0000002529 0
0000002530 0
0000002531 0
0000002532 0
0000002533 0
0000002534 0
0000002535 0
0000002536 0
0000002537 0
0000002538 0
0000002539 0
0000002540 0
0000002541 0
0000002542 0
0000002543 0
0000002544 0
0000002545 0
0000002546 0
0000002547 0
0000002548 0
0000002549 0
0000002550 0
0000002551 0
0000002552 0
0000002553 0
0000002554 0
0000002555 0
0000002556 0
0000002557 0
0000002558 0
0000002559 0
0000002560 0
0000002561 0
0000002562 0
0000002563 0
0000002564 0
0000002565 0
0000002566 0
0000002567 0
0000002568 0
0000002569 0
0000002570 0
0000002571 0
0000002572 0
0000002573 0
0000002574 0
0000002575 0
0000002576 0
0000002577 0
0000002578 0
0000002579 0
0000002580 0
0000002581 0
0000002582 0
0000002583 0
0000002584 0
0000002585 0
0000002586 0
0000002587 0
0000002588 0
0000002589 0
0000002590 0
0000002591 0
0000002592 0
0000002593 0
0000002594 0
0000002595 0
0000002596 0
0000002597 0
0000002598 0
0000002599 0
0000002600 0
0000002601 0
0000002602 0
0000002603 0
0000002604 0
0000002605 0
0000002606 0
0000002607 0
0000002608 0
0000002609 0
0000002610 0
0000002611 0
0000002612 0
0000002613 0
0000002614 0
0000002615 0
0000002616 0
0000002617 0
0000002618 0
0000002619 0
0000002620 0
0000002621 0
0000002622 0
0000002623 0
0000002624 0
0000002625 0
0000002626 0
0000002627 0
0000002628 0
0000002629 0
0000002630 0
0000002631 0
0000002632 0
0000002633 0
0000002634 0
0000002635 0
0000002636 0
0000002637 0
0000002638 0
0000002639 0
0000002640 0
0000002641 0
0000002642 0
0000002643 0
0000002644 0
0000002645 0
0000002646 0
0000002647 0
0000002648 0
0000002649 0
0000002650 0
0000002651 0
0000002652 0
0000002653 0
0000002654 0
0000002655 0
0000002656 0
0000002657 0
0000002658 0
0000002659 0
0000002660 0
0000002661 0
0000002662 0
0000002663 0
0000002664 0
0000002665 0
0000002666 0
0000002667 0
0000002668 0
0000002669 0
0000002670 0
0000002671 0
0000002672 0
0000002673 0
0000002674 0
0000002675 0
0000002676 0
0000002677 0
0000002678 0
0000002679 0
0000002680 0
0000002681 0
0000002682 0
0000002683 0
0000002684 0
0000002685 0
0000002686 0
0000002687 0
0000002688 0
0000002689 0
0000002690 0
0000002691 0
0000002692 0
0000002693 0
0000002694 0
0000002695 0
0000002696 0
0000002697 0
0000002698 0
0000002699 0
0000002700 0
0000002701 0
0000002702 0
0000002703 0
0000002704 0
0000002705 0
0000002706 0
0000002707 0
0000002708 0
0000002709 0
0000002710 0
0000002711 0
0000002712 0
0000002713 0
0000002714 0
0000002715 0
0000002716 0
0000002717 0
0000002718 0
0000002719 0
0000002720 0
0000002721 0
0000002722 0
0000002723 0
0000002724 0
0000002725 0
0000002726 0
0000002727 0
0000002728 0
0000002729 0
0000002730 0
0000002731 0
0000002732 0
0000002733 0
0000002734 0
0000002735 0
0000002736 0
0000002737 0
0000002738 0
0000002739 0
0000002740 0
0000002741 0
0000002742 0
0000002743 0
0000002744 0
0000002745 0
0000002746 0
0000002747 0
0000002748 0
0000002749 0
0000002750 0
0000002751 0
0000002752 0
0000002753 0
0000002754 0
0000002755 0
0000002756 0
0000002757 0
0000002758 0
0000002759 0
0000002760 0
0000002761 0
0000002762 0
0000002763 0
0000002764 0
0000002765 0
0000002766 0
0000002767 0
0000002768 0
0000002769 0
0000002770 0
0000002771 0
0000002772 0
0000002773 0
0000002774 0
0000002775 0
0000002776 0
0000002777 0
0000002778 0
0000002779 0
0000002780 0
0000002781 0
0000002782 0
0000002783 0
0000002784 0
0000002785 0
0000002786 0
0000002787 0
0000002788 0
0000002789 0
0000002790 0
0000002791 0
0000002792 0
0000002793 0
0000002794 0
0000002795 0
0000002796 0
0000002797 0
0000002798 0
0000002799 0
0000002800 0
0000002801 0
0000002802 0
0000002803 0
0000002804 0
0000002805 0
0000002806 0
0000002807 0
0000002808 0
0000002809 0
0000002810 0
0000002811 0
0000002812 0
0000002813 0
0000002814 0
0000002815 0
0000002816 0
0000002817 0
0000002818 0
0000002819 0
0000002820 0
0000002821 0
0000002822 0
0000002823 0
0000002824 0
0000002825 0
0000002826 0
0000002827 0
0000002828 0
0000002829 0
0000002830 0
0000002831 0
0000002832 0
0000002833 0
0000002834 0
0000002835 0
0000002836 0
0000002837 0
0000002838 0
0000002839 0
0000002840 0
0000002841 0
0000002842 0
0000002843 0
0000002844 0
0000002845 0
0000002846 0
0000002847 0
0000002848 0
0000002849 0
0000002850 0
0000002851 0
0000002852 0
0000002853 0
0000002854 0
0000002855 0
0000002856 0
0000002857 0
0000002858 0
0000002859 0
0000002860 0
0000002861 0
0000002862 0
0000002863 0
0000002864 0
0000002865 0
0000002866 0
0000002867 0
0000002868 0
0000002869 0
0000002870 0
0000002871 0
0000002872 0
0000002873 0
0000002874 0
0000002875 0
0000002876 0
0000002877 0
0000002878 0
0000002879 0
0000002880 0
0000002881 0
0000002882 0
0000002883 0
0000002884 0
0000002885 0
0000002886 0
0000002887 0
0000002888 0
0000002889 0
0000002890 0
0000002891 0
0000002892 0
0000002893 0
0000002894 0
0000002895 0
0000002896 0
0000002897 0
0000002898 0
0000002899 0
0000002900 0
0000002901 0
0000002902 0
0000002903 0
0000002904 0
0000002905 0
0000002906 0
